
Cone linearizations applied:  141

Root node processing (before b&c):
  Real time             =    0.02 sec. (10.67 ticks)
Sequential b&c:
  Real time             =    0.01 sec. (10.37 ticks)
                          ------------
Total (root+branch&cut) =    0.03 sec. (21.05 ticks)
Tried aggregator 2 times.
MIQCP Presolve eliminated 4187 rows and 2393 columns.
Aggregator did 3944 substitutions.
Reduced MIQCP has 4774 rows, 10650 columns, and 20333 nonzeros.
Reduced MIQCP has 1794 binaries, 0 generals, 0 SOSs, and 0 indicators.
Reduced MIQCP has 2634 quadratic constraints.
Presolve time = 0.05 sec. (22.81 ticks)
Probing time = 0.00 sec. (2.42 ticks)
Clique table members: 310.
MIP emphasis: balance optimality and feasibility.
MIP search method: dynamic search.
Parallel mode: none, using 1 thread.
Root relaxation solution time = 0.01 sec. (5.31 ticks)

        Nodes                                         Cuts/
   Node  Left     Objective  IInf  Best Integer    Best Bound    ItCnt     Gap

      0     0        0.0000     0                      0.0000        0         
      0     0        0.0000     0                     Cone: 5        1         
      0     0        0.0000     0                    Cone: 10        8         
      0     0        0.0000     0                    Cone: 28       12         
      0     0        0.0000     0                    Cone: 46       22         
      0     0        0.0000     0                    Cone: 61       36         
      0     0        0.0000     0                    Cone: 76       42         
      0     0        1.7370     9                      1.7370     2993         
      0     0        1.7754    14                     Cuts: 2     2999         
      0     0        1.7772    11                     Cone: 1     3029         
      0     0        1.7774    11                     Cone: 1     3031         
      0     0        1.7774    11                     Cone: 1     3032         
      0     0        1.7774    11                     Cone: 1     3033         
      0     2        1.7999    18                      1.8013     3033         
Elapsed time = 7.54 sec. (10484.92 ticks, tree = 0.01 MB, solutions = 0)
      5     7        1.8207    18                      1.8114     3267         
      9    11        1.8157    16                      1.8114     3328         
     22    24        1.8186     5                      1.8114     3604         
     30    32        1.8216    11                      1.8114     3945         
     42    44        1.8223     4                      1.8114     4244         
     51    53        1.8224     5                      1.8114     4669         
     61    63        1.8486     3                      1.8114     5082         
     77    79     3490.3144     0                      1.8114     9769         
     78    80        2.3085    14                      1.8114    10338         
     82    84     3461.8969     0                      1.8114    16480         
Elapsed time = 16.49 sec. (22997.24 ticks, tree = 1.48 MB, solutions = 0)
     85    87     4400.5977     0                      1.8114    20738         
     87    89     4664.9788     0                      1.8114    25079         
     89    91     5011.3828     0                      1.8114    30472         
     90    92        4.4439    14                      1.8114    31339         
     91    93     5345.4025     0                      1.8114    37895         
     95    97        7.2161     4                      1.8114    44122         
     98   100     4400.0924     0                      1.8114    49900         
     99   101     4245.1437     0                      1.8114    53571         
    100   102       11.4448     4                      1.8114    55294         
    102   104     5427.8391     0                      1.8114    58618         
Elapsed time = 46.50 sec. (63670.27 ticks, tree = 1.79 MB, solutions = 0)
    109   111     4572.1162     0                      1.8114    65626         
    111   113     5447.4334     0                      1.8114    69101         
    114   116     5506.2526     0                      1.8114    72176         
    116   118     5192.1719     0                      1.8114    75336         
    118   120     5362.9788     0                      1.8114    78677         
    119   121     5589.4771     0                      1.8114    83029         
    124   126     4978.6584     0                      1.8114    90485         
    126   128     5615.5616     0                      1.8114    93345         
    131   133     5519.5917     0                      1.8114    97947         
    135   137    62351.3491     0                      1.8114   112165         
Elapsed time = 87.20 sec. (117964.96 ticks, tree = 2.19 MB, solutions = 0)
    138   140    63318.0542     0                      1.8114   124994         
    140   142    49356.3050     0                      1.8114   146780         
    141   143    23896.5094     0                      1.8114   162769         
    143   145     5103.1115     2                      1.8114   165113         
    144   146    40332.0775     0                      1.8114   174135         
    145   147    13708.7321     0                      1.8114   181150         
    146   148     7178.5838     4                      1.8114   187638         
    149   151    64062.5230     0                      1.8114   204575         
    150   152    61422.2425     0                      1.8114   211395         
    158   160    49281.7314     0                      1.8114   217959         
Elapsed time = 148.58 sec. (192478.14 ticks, tree = 2.59 MB, solutions = 0)
    160   162    17926.3407     5                      1.8114   217977         
    161   163    52027.0991     0                      1.8114   221327         
    163   165    25892.3478     2                      1.8114   223521         
    164   166    31477.8678     1                      1.8114   224097         
    166   168    59153.2058     0                      1.8114   226600         
    168   170    64881.1443     0                      1.8114   228408         
    170   172    36853.1736     0                      1.8114   228695         
    171   173    65087.9552     0                      1.8114   231348         
    172   172    38372.8709     0                      1.8114   231518         
    173   173    39104.4766     0                      1.8114   231881         
Elapsed time = 179.06 sec. (235152.19 ticks, tree = 2.64 MB, solutions = 0)
    174   172    40219.2682     0                      1.8114   231968         
    176   174    41381.7985     0                      1.8114   232229         
    177   173    41786.0856     0                      1.8114   232243         
    178   174    42500.8922     0                      1.8114   232356         
    179   173    43580.7126     0                      1.8114   232517         
    181   175    44000.9646     0                      1.8114   232752         
    182   174    44866.7475     0                      1.8114   232893         
    183   175    45293.8747     0                      1.8114   233058         
    184   174    45788.7058     0                      1.8114   233058         
    186   176    46170.9242     0                      1.8114   233225         
Elapsed time = 204.37 sec. (271796.47 ticks, tree = 2.66 MB, solutions = 0)
    187   175    46427.4074     0                      1.8114   233225         
    188   176    47451.2029     0                      1.8114   233588         
    189   175    47554.4466     0                      1.8114   233588         
    191   177    47706.1383     0                      1.8114   233618         
    192   176    47950.8075     0                      1.8114   233618         
    193   177    48056.8954     0                      1.8114   233733         
    194   176    48165.4090     0                      1.8114   233734         
    196   178    48509.6132     0                      1.8114   233836         
    197   177    49392.8386     0                      1.8114   233836         
    198   178    50058.5055     0                      1.8114   233908         
Elapsed time = 229.28 sec. (307749.16 ticks, tree = 2.67 MB, solutions = 0)
    199   177    51818.2648     0                      1.8114   234038         
    200   178    52602.8999     2                      1.8114   234535         
    201   179    53185.2451     0                      1.8114   234634         
    202   178    53232.4729     0                      1.8114   234634         
    203   179    53795.6321     0                      1.8114   234727         
    204   178    53957.2606     0                      1.8114   234727         
    206   180    54613.0173     0                      1.8114   235016         
    207   179    54745.1854     0                      1.8114   235016         
    208   180    55537.6495     0                      1.8114   235133         
    209   179    55985.0427     0                      1.8114   235135         
Elapsed time = 253.77 sec. (342955.95 ticks, tree = 2.68 MB, solutions = 0)
    211   181    56084.8971     0                      1.8114   235384         
    212   180    56184.5256     0                      1.8114   235401         
    214   182    56272.4310     0                      1.8114   235450         
    215   181    56844.9892     0                      1.8114   235498         
    216   182    56913.7030     0                      1.8114   235621         
    217   181    56919.7201     0                      1.8114   235621         
    219   183    56973.7040     0                      1.8114   235671         
    220   182    56994.0046     0                      1.8114   235671         
    221   183    56995.2500     0                      1.8114   235679         
    222   182    57024.8892     0                      1.8114   235679         
Elapsed time = 278.77 sec. (378871.44 ticks, tree = 2.69 MB, solutions = 0)
    224   184    57024.8892     0                      1.8114   235709         
    225   183    57024.8892     0                      1.8114   235709         
    226   184    57024.8892     0                      1.8114   235710         
    227   183    57024.8892     0                      1.8114   235710         
    229   185    57024.8892     0                      1.8114   235712         
    230   184    57024.8892     0                      1.8114   235712         
    231   185    57024.8892     0                      1.8114   235713         
    232   184    57024.8892     0                      1.8114   235713         
    234   186    57024.8892     0                      1.8114   235715         
    236   186    57024.8892     0                      1.8114   235716         
Elapsed time = 305.47 sec. (417276.13 ticks, tree = 2.71 MB, solutions = 0)
    239   187    57024.8892     0                      1.8114   235718         
    241   187    57024.8892     0                      1.8114   235719         
    244   188    57024.8892     0                      1.8114   235721         
    246   188    57024.8892     0                      1.8114   235722         
    249   189    57024.8892     0                      1.8114   235724         
    251   189    57024.8892     0                      1.8114   235725         
    254   190    57024.8892     0                      1.8114   235727         
    256   190    57024.8892     0                      1.8114   235728         
    259   191    57024.8892     0                      1.8114   235730         
    261   191    57024.8892     0                      1.8114   235731         
Elapsed time = 353.86 sec. (486936.15 ticks, tree = 2.73 MB, solutions = 0)
    264   192    57024.8892     0                      1.8114   235733         
    266   192    57024.8892     0                      1.8114   235734         
    269   193    57024.8892     0                      1.8114   235736         
    271   193    57024.8892     0                      1.8114   235737         
    274   194    57024.8892     0                      1.8114   235739         
    276   194    57024.8892     0                      1.8114   235740         
    279   195    57024.8892     0                      1.8114   235742         
    281   195    57024.8892     0                      1.8114   235743         
    284   196    57024.8892     0                      1.8114   235745         
    286   196    57024.8892     0                      1.8114   235746         
Elapsed time = 400.11 sec. (553263.24 ticks, tree = 2.75 MB, solutions = 0)
    289   197    57024.8892     0                      1.8114   235748         
    291   197    57024.8892     0                      1.8114   235749         
    294   198    57024.8892     0                      1.8114   235751         
    296   198    57024.8892     0                      1.8114   235752         
    299   199    57024.8892     0                      1.8114   235754         
    301   199    57024.8892     0                      1.8114   235755         
    304   200    57024.8892     0                      1.8114   235757         
    306   200    57024.8892     0                      1.8114   235758         
    309   201    57024.8892     0                      1.8114   235760         
    311   201    57024.8892     0                      1.8114   235761         
Elapsed time = 445.65 sec. (618491.27 ticks, tree = 2.78 MB, solutions = 0)
    314   202    57024.8892     0                      1.8114   235763         
    316   202    57024.8892     0                      1.8114   235764         
    319   203    57024.8892     0                      1.8114   235766         
    321   203    57024.8892     0                      1.8114   235767         
    324   204    57024.8892     0                      1.8114   235769         
    326   204    57024.8892     0                      1.8114   235770         
    329   205    57024.8892     0                      1.8114   235772         
    331   205    57024.8892     0                      1.8114   235773         
    334   206    57024.8892     0                      1.8114   235775         
    336   206    57024.8892     0                      1.8114   235776         
Elapsed time = 494.64 sec. (688642.28 ticks, tree = 2.80 MB, solutions = 0)
    339   207    57024.8892     0                      1.8114   235778         
    341   207    57024.8892     0                      1.8114   235779         
    344   208    57024.8892     0                      1.8114   235781         
    346   208    57024.8892     0                      1.8114   235782         
    349   209    57024.8892     0                      1.8114   235784         
    351   209    57024.8892     0                      1.8114   235785         
    354   210    57024.8892     0                      1.8114   235787         
    356   210    57024.8892     0                      1.8114   235788         
    359   211    57024.8892     0                      1.8114   235790         
    361   211    57024.8892     0                      1.8114   235791         
Elapsed time = 542.71 sec. (757561.77 ticks, tree = 2.83 MB, solutions = 0)
    364   212    57024.8892     0                      1.8114   235793         
    366   212    57024.8892     0                      1.8114   235794         
    369   213    57024.8892     0                      1.8114   235796         
    371   213    57024.8892     0                      1.8114   235797         
    374   214    74656.3336     0                      1.8114   237727         
    376   214    74656.3336     0                      1.8114   237728         
    379   215    82284.9678     0                      1.8114   240225         
    380   214    87543.1205     0                      1.8114   243220         
    381   215    87543.1277     0                      1.8114   244850         
    384   216    87543.1300     0                      1.8114   244859         
Elapsed time = 597.74 sec. (833715.92 ticks, tree = 2.86 MB, solutions = 0)
    386   216    87543.1300     0                      1.8114   244860         
    389   217    87543.1300     0                      1.8114   244862         
    391   217    87543.1300     0                      1.8114   244863         
    394   218    87543.1300     0                      1.8114   244865         
    396   218    87543.1300     0                      1.8114   244866         
    399   219    87543.1300     0                      1.8114   244868         
    401   219    87543.1300     0                      1.8114   244869         
    404   220    87543.1300     0                      1.8114   244871         
    406   220    87543.1300     0                      1.8114   244872         
    409   221    87543.1300     0                      1.8114   244874         
Elapsed time = 644.95 sec. (901677.28 ticks, tree = 2.88 MB, solutions = 0)
    411   221    87543.1300     0                      1.8114   244875         
    414   222    87543.1300     0                      1.8114   244877         
    416   222    87543.1300     0                      1.8114   244878         
    419   223    87543.1300     0                      1.8114   244880         
    421   223    87543.1300     0                      1.8114   244881         
    424   224    87543.1300     0                      1.8114   244883         
    426   224    87543.1300     0                      1.8114   244884         
    429   225    87543.1300     0                      1.8114   244886         
    431   225    87543.1300     0                      1.8114   244887         
    434   226    87543.1300     0                      1.8114   244889         
Elapsed time = 693.62 sec. (971750.67 ticks, tree = 2.91 MB, solutions = 0)
    436   226    87543.1300     0                      1.8114   244890         
    439   227    87543.1300     0                      1.8114   244892         
    441   227    87543.1300     0                      1.8114   244893         
    444   228    87543.1300     0                      1.8114   244895         
    446   228    87543.1300     0                      1.8114   244896         
    449   229    87543.1300     0                      1.8114   244898         
    451   229    87543.1300     0                      1.8114   244899         
    454   230    87543.1300     0                      1.8114   244901         
    456   230    87543.1300     0                      1.8114   244902         
    459   231    87543.1300     0                      1.8114   244904         
Elapsed time = 741.59 sec. (1040570.29 ticks, tree = 2.94 MB, solutions = 0)
    461   231    87543.1300     0                      1.8114   244905         
    464   232    87543.1300     0                      1.8114   244907         
    466   232    87543.1300     0                      1.8114   244908         
    469   233    87543.1300     0                      1.8114   244910         
    471   233    87543.1300     0                      1.8114   244911         
    474   234    87543.1300     0                      1.8114   244913         
    476   234    87543.1300     0                      1.8114   244914         
    479   235    87543.1300     0                      1.8114   244916         
    481   235    87543.1300     0                      1.8114   244917         
    484   236    87543.1300     0                      1.8114   244919         
Elapsed time = 789.44 sec. (1109536.64 ticks, tree = 2.97 MB, solutions = 0)
    486   236    87543.1300     0                      1.8114   244920         
    489   237    87543.1300     0                      1.8114   244922         
    491   237    87543.1300     0                      1.8114   244923         
    494   238    87543.1300     0                      1.8114   244925         
    496   238    87543.1300     0                      1.8114   244926         
    499   239    87543.1300     0                      1.8114   244928         
    501   239    87543.1300     0                      1.8114   244929         
    504   240    87543.1300     0                      1.8114   244931         
    506   240    87543.1300     0                      1.8114   244932         
    509   241    87543.1300     0                      1.8114   244934         
Elapsed time = 837.17 sec. (1178338.00 ticks, tree = 2.99 MB, solutions = 0)
    511   241    87543.1300     0                      1.8114   244935         
    514   242    87543.1300     0                      1.8114   244937         
    516   242    87543.1300     0                      1.8114   244938         
    519   243    87543.1300     0                      1.8114   244940         
    521   243    87543.1300     0                      1.8114   244941         
    524   244    87543.1300     0                      1.8114   244943         
    526   244    87543.1300     0                      1.8114   244944         
    529   245    87543.1300     0                      1.8114   244946         
    531   245    87543.1300     0                      1.8114   244947         
    534   246    87543.1300     0                      1.8114   244949         
Elapsed time = 883.32 sec. (1244502.81 ticks, tree = 3.02 MB, solutions = 0)
    536   246    87543.1300     0                      1.8114   244950         
    539   247    87543.1300     0                      1.8114   244952         
    541   247    87543.1300     0                      1.8114   244953         
    544   248    87543.1300     0                      1.8114   244955         
    546   248    87543.1300     0                      1.8114   244956         
    549   249    87543.1300     0                      1.8114   244958         
    551   249    87543.1300     0                      1.8114   244959         
    554   250    87543.1300     0                      1.8114   244961         
    556   250    87543.1300     0                      1.8114   244962         
    559   251    87543.1300     0                      1.8114   244964         
Elapsed time = 930.77 sec. (1312525.63 ticks, tree = 3.05 MB, solutions = 0)
    561   251    87543.1300     0                      1.8114   244965         
    564   252    87543.1300     0                      1.8114   244967         
    566   252    87543.1300     0                      1.8114   244968         
    569   253    87543.1300     0                      1.8114   244970         
    571   253    87543.1300     0                      1.8114   244971         
    574   254    87543.1300     0                      1.8114   244973         
    576   254    87543.1300     0                      1.8114   244974         
    579   255    87543.1300     0                      1.8114   244976         
    581   255    87543.1300     0                      1.8114   244977         
    584   256    87543.1300     0                      1.8114   244979         
Elapsed time = 978.43 sec. (1381152.69 ticks, tree = 3.08 MB, solutions = 0)
    586   256    87543.1300     0                      1.8114   244980         
    589   257    87543.1300     0                      1.8114   244982         
    591   257    87543.1300     0                      1.8114   244983         
    594   258    87543.1300     0                      1.8114   244985         
    596   258    87543.1300     0                      1.8114   244986         
    599   259    87543.1300     0                      1.8114   244988         
    601   259    87543.1300     0                      1.8114   244989         
    604   260    87543.1300     0                      1.8114   244991         
    606   260    87543.1300     0                      1.8114   244992         
    609   261    87543.1300     0                      1.8114   244994         
Elapsed time = 1026.04 sec. (1449697.05 ticks, tree = 3.12 MB, solutions = 0)
    611   261    87543.1300     0                      1.8114   244995         
    614   262    87543.1300     0                      1.8114   244997         
    616   262    87543.1300     0                      1.8114   244998         
    619   263    87543.1300     0                      1.8114   245000         
    621   263    87543.1300     0                      1.8114   245001         
    624   264    87543.1300     0                      1.8114   245003         
    626   264    87543.1300     0                      1.8114   245004         
    629   265    87543.1300     0                      1.8114   245006         
    631   265    87543.1300     0                      1.8114   245007         
    634   266    87543.1300     0                      1.8114   245009         
Elapsed time = 1074.56 sec. (1519280.03 ticks, tree = 3.15 MB, solutions = 0)
    636   266    87543.1300     0                      1.8114   245010         
    639   267    87543.1300     0                      1.8114   245012         
    641   267    87543.1300     0                      1.8114   245013         
    643   267    87543.1300     2                      1.8114   245014         
    645   267    87543.1300     0                      1.8114   245015         
    647   267    87543.1300     0                      1.8114   245016         
    650   268    87543.1300     0                      1.8114   245018         
    652   268    87543.1300     0                      1.8114   245019         
    655   269    87543.1300     0                      1.8114   245021         
    657   269    87543.1300     0                      1.8114   245022         
Elapsed time = 1121.99 sec. (1587322.70 ticks, tree = 3.18 MB, solutions = 0)
    660   270    87543.1300     0                      1.8114   245024         
    662   270    87543.1300     0                      1.8114   245025         
    665   271    87543.1300     0                      1.8114   245027         
    667   271    87543.1300     0                      1.8114   245028         
    670   272    87543.1300     0                      1.8114   245030         
    672   272    87543.1300     0                      1.8114   245031         
    675   273    87543.1300     0                      1.8114   245033         
    677   273    87543.1300     0                      1.8114   245034         
    680   274    87543.1300     0                      1.8114   245036         
    682   274    87543.1300     0                      1.8114   245037         
Elapsed time = 1171.72 sec. (1658524.15 ticks, tree = 3.21 MB, solutions = 0)
    685   275    87543.1300     0                      1.8114   245039         
    687   275    87543.1300     0                      1.8114   245040         
    690   276    87543.1300     0                      1.8114   245042         
    692   276    87543.1300     0                      1.8114   245043         
    695   277    87543.1300     0                      1.8114   245045         
    697   277    87543.1300     0                      1.8114   245046         
    700   278    87543.1300     0                      1.8114   245048         
    702   278    87543.1300     0                      1.8114   245049         
    705   279    87543.1300     0                      1.8114   245051         
    707   279    87543.1300     0                      1.8114   245052         
Elapsed time = 1221.79 sec. (1730199.71 ticks, tree = 3.24 MB, solutions = 0)
    710   280    87543.1300     0                      1.8114   245054         
    712   280    87543.1300     0                      1.8114   245055         
    715   281    87543.1300     0                      1.8114   245057         
    717   281    87543.1300     0                      1.8114   245058         
    720   282    87543.1300     0                      1.8114   245060         
    722   282    87543.1300     0                      1.8114   245061         
    725   283    87543.1300     0                      1.8114   245063         
    727   283    87543.1300     0                      1.8114   245064         
    730   284    87543.1300     0                      1.8114   245066         
    732   284    87543.1300     0                      1.8114   245067         
Elapsed time = 1271.07 sec. (1801141.25 ticks, tree = 3.27 MB, solutions = 0)
    735   285    87543.1300     0                      1.8114   245071         
    737   285    87543.1300     0                      1.8114   245072         
    740   286    87543.1300     0                      1.8114   245076         
    742   286    87543.1300     0                      1.8114   245077         
    745   287    87543.1300     0                      1.8114   245081         
    747   287    87543.1300     0                      1.8114   245082         
    750   288    87543.1300     0                      1.8114   245086         
    752   288    87543.1300     0                      1.8114   245087         
    755   289    87543.1300     0                      1.8114   245091         
    757   289    87543.1300     0                      1.8114   245092         
Elapsed time = 1318.44 sec. (1869312.56 ticks, tree = 3.30 MB, solutions = 0)
    760   290    87543.1300     0                      1.8114   245096         
    762   290    87543.1300     0                      1.8114   245097         
    765   291    87543.1300     0                      1.8114   245101         
    767   291    87543.1300     0                      1.8114   245102         
    770   292    87543.1300     0                      1.8114   245106         
    772   292    87543.1300     0                      1.8114   245107         
    775   293    87543.1300     0                      1.8114   245111         
    777   293    87543.1300     0                      1.8114   245112         
    780   294    87543.1300     0                      1.8114   245116         
    782   294    87543.1300     0                      1.8114   245117         
Elapsed time = 1367.24 sec. (1939320.04 ticks, tree = 3.33 MB, solutions = 0)
    785   295    87543.1300     0                      1.8114   245121         
    787   295    87543.1300     0                      1.8114   245122         
    790   296    87543.1300     0                      1.8114   245126         
    792   296    87543.1300     0                      1.8114   245127         
    795   297    87543.1300     0                      1.8114   245131         
    797   297    87543.1300     0                      1.8114   245132         
    800   298    87543.1300     0                      1.8114   245136         
    802   298    87543.1300     0                      1.8114   245137         
    805   299    87543.1300     0                      1.8114   245141         
    807   299    87543.1300     0                      1.8114   245142         
Elapsed time = 1417.16 sec. (2010494.89 ticks, tree = 3.37 MB, solutions = 0)
    810   300    87543.1300     0                      1.8114   245146         
    812   300    87543.1300     0                      1.8114   245147         
    815   301    87543.1300     0                      1.8114   245151         
    817   301    87543.1300     0                      1.8114   245152         
    820   302    87543.1300     0                      1.8114   245156         
    822   302    87543.1300     0                      1.8114   245157         
    825   303    87543.1300     0                      1.8114   245161         
    827   303    87543.1300     0                      1.8114   245162         
    830   304    87543.1300     0                      1.8114   245166         
    832   304    87543.1300     0                      1.8114   245167         
Elapsed time = 1466.31 sec. (2080977.47 ticks, tree = 3.40 MB, solutions = 0)
    835   305    87543.1300     0                      1.8114   245171         
    837   305    87543.1300     0                      1.8114   245172         
    840   306    87543.1300     0                      1.8114   245176         
    842   306    87543.1300     0                      1.8114   245177         
    845   307    87543.1300     0                      1.8114   245181         
    847   307    87543.1300     0                      1.8114   245182         
    850   308    87543.1300     0                      1.8114   245186         
    852   308    87543.1300     0                      1.8114   245187         
    855   309    87543.1300     0                      1.8114   245191         
    857   309    87543.1300     0                      1.8114   245192         
Elapsed time = 1515.77 sec. (2151758.05 ticks, tree = 3.43 MB, solutions = 0)
    860   310    87543.1300     0                      1.8114   245196         
    862   310    87543.1300     0                      1.8114   245197         
    865   311    87543.1300     0                      1.8114   245201         
    867   311    87543.1300     0                      1.8114   245202         
    870   312    87543.1300     0                      1.8114   245206         
    872   312    87543.1300     0                      1.8114   245207         
    875   313    87543.1300     0                      1.8114   245211         
    877   313    87543.1300     0                      1.8114   245212         
    880   314    87543.1300     0                      1.8114   245216         
    882   314    87543.1300     0                      1.8114   245217         
Elapsed time = 1565.36 sec. (2222677.71 ticks, tree = 3.47 MB, solutions = 0)
    885   315    87543.1300     0                      1.8114   245221         
    887   315    87543.1300     0                      1.8114   245222         
    890   316    87543.1300     0                      1.8114   245226         
    892   316    87543.1300     0                      1.8114   245227         
    895   317    87543.1300     0                      1.8114   245231         
    897   317    87543.1300     0                      1.8114   245232         
    900   318    87543.1300     0                      1.8114   245236         
    902   318    87543.1300     0                      1.8114   245237         
    905   319    87543.1300     0                      1.8114   245241         
    907   319    87543.1300     0                      1.8114   245242         
Elapsed time = 1614.71 sec. (2293288.79 ticks, tree = 3.50 MB, solutions = 0)
    910   320    87543.1300     0                      1.8114   245246         
    912   320    87543.1300     0                      1.8114   245247         
    915   321    87543.1300     0                      1.8114   245251         
    917   321    87543.1300     0                      1.8114   245252         
    920   322    87543.1300     0                      1.8114   245256         
    922   322    87543.1300     0                      1.8114   245257         
    925   323    87543.1300     0                      1.8114   245261         
    927   323    87543.1300     0                      1.8114   245262         
    930   324    87543.1300     0                      1.8114   245266         
    932   324    87543.1300     0                      1.8114   245267         
Elapsed time = 1663.03 sec. (2362291.72 ticks, tree = 3.54 MB, solutions = 0)
    935   325    87543.1300     0                      1.8114   245271         
    937   325    87543.1300     0                      1.8114   245272         
    940   326    87543.1300     0                      1.8114   245276         
    942   326    87543.1300     0                      1.8114   245277         
    945   327    87543.1300     0                      1.8114   245281         
    947   327    87543.1300     0                      1.8114   245282         
    950   328    87543.1300     0                      1.8114   245286         
    952   328    87543.1300     0                      1.8114   245287         
    955   329    87543.1300     0                      1.8114   245291         
    957   329    87543.1300     0                      1.8114   245292         
Elapsed time = 1711.33 sec. (2430913.25 ticks, tree = 3.57 MB, solutions = 0)
    960   330    87543.1300     0                      1.8114   245296         
    962   330    87543.1300     0                      1.8114   245297         
    965   331    87543.1300     0                      1.8114   245301         
    967   331    87543.1300     0                      1.8114   245302         
    970   332    87543.1300     0                      1.8114   245306         
    972   332    87543.1300     0                      1.8114   245307         
    975   333    87543.1300     0                      1.8114   245311         
    977   333    87543.1300     0                      1.8114   245312         
    980   334    87543.1300     0                      1.8114   245316         
    982   334    87543.1300     0                      1.8114   245317         
Elapsed time = 1759.68 sec. (2499509.50 ticks, tree = 3.61 MB, solutions = 0)
    985   335    87543.1300     0                      1.8114   245321         
    987   335    87543.1300     0                      1.8114   245322         
    990   336    87543.1300     0                      1.8114   245326         
    992   336    87543.1300     0                      1.8114   245327         
    995   337    87543.1300     0                      1.8114   245331         
    997   337    87543.1300     0                      1.8114   245332         
   1000   338    87543.1300     0                      1.8114   245336         
   1002   338    87543.1300     0                      1.8114   245337         
   1005   339    87543.1300     0                      1.8114   245341         
   1007   339    87543.1300     0                      1.8114   245342         
Elapsed time = 1808.95 sec. (2569704.81 ticks, tree = 3.64 MB, solutions = 0)
   1010   340    87543.1300     0                      1.8114   245346         
   1012   340    87543.1300     0                      1.8114   245347         
   1015   341    87543.1300     0                      1.8114   245351         
   1017   341    87543.1300     0                      1.8114   245352         
   1020   342    87543.1300     0                      1.8114   245356         
   1022   342    87543.1300     0                      1.8114   245357         
   1025   343    87543.1300     0                      1.8114   245361         
   1027   343    87543.1300     0                      1.8114   245362         
   1030   344    87543.1300     0                      1.8114   245366         
   1032   344    87543.1300     0                      1.8114   245367         
Elapsed time = 1857.15 sec. (2638527.66 ticks, tree = 3.68 MB, solutions = 0)
   1035   345    87543.1300     0                      1.8114   245371         
   1037   345    87543.1300     0                      1.8114   245372         
   1040   346    87543.1300     0                      1.8114   245376         
   1042   346    87543.1300     0                      1.8114   245377         
   1045   347    87543.1300     0                      1.8114   245381         
   1047   347    87543.1300     0                      1.8114   245382         
   1050   348    87543.1300     0                      1.8114   245386         
   1052   348    87543.1300     0                      1.8114   245387         
   1055   349    87543.1300     0                      1.8114   245391         
   1057   349    87543.1300     0                      1.8114   245392         
Elapsed time = 1905.83 sec. (2708086.77 ticks, tree = 3.72 MB, solutions = 0)
   1060   350    87543.1300     0                      1.8114   245396         
   1062   350    87543.1300     0                      1.8114   245397         
   1065   351    87543.1300     0                      1.8114   245401         
   1067   351    87543.1300     0                      1.8114   245402         
   1070   352    87543.1300     0                      1.8114   245406         
   1072   352    87543.1300     0                      1.8114   245407         
   1075   353    87543.1300     0                      1.8114   245411         
   1077   353    87543.1300     0                      1.8114   245412         
   1080   354    87543.1300     0                      1.8114   245416         
   1082   354    87543.1300     0                      1.8114   245417         
Elapsed time = 1955.54 sec. (2778786.30 ticks, tree = 3.75 MB, solutions = 0)
   1085   355    87543.1300     0                      1.8114   245421         
   1087   355    87543.1300     0                      1.8114   245422         
   1090   356    87543.1300     0                      1.8114   245426         
   1092   356    87543.1300     0                      1.8114   245427         
   1095   357    87543.1300     0                      1.8114   245431         
   1097   357    87543.1300     0                      1.8114   245432         
   1100   358    87543.1300     0                      1.8114   245436         
   1102   358    87543.1300     0                      1.8114   245437         
   1105   359    87543.1300     0                      1.8114   245441         
   1107   359    87543.1300     0                      1.8114   245442         
Elapsed time = 2004.46 sec. (2848712.61 ticks, tree = 3.79 MB, solutions = 0)
   1110   360    87543.1300     0                      1.8114   245446         
   1112   360    87543.1300     0                      1.8114   245447         
   1115   361    87543.1300     0                      1.8114   245451         
   1117   361    87543.1300     0                      1.8114   245452         
   1120   362    87543.1300     0                      1.8114   245456         
   1122   362    87543.1300     0                      1.8114   245457         
   1125   363    87543.1300     0                      1.8114   245461         
   1127   363    87543.1300     0                      1.8114   245462         
   1130   364    87543.1300     0                      1.8114   245466         
   1132   364    87543.1300     0                      1.8114   245467         
Elapsed time = 2053.16 sec. (2918142.93 ticks, tree = 3.83 MB, solutions = 0)
   1135   365    87543.1300     0                      1.8114   245471         
   1137   365    87543.1300     0                      1.8114   245472         
   1140   366    87543.1300     0                      1.8114   245476         
   1142   366    87543.1300     0                      1.8114   245477         
   1145   367    87543.1300     0                      1.8114   245481         
   1147   367    87543.1300     0                      1.8114   245482         
   1150   368    87543.1300     0                      1.8114   245486         
   1152   368    87543.1300     0                      1.8114   245487         
   1155   369    87543.1300     0                      1.8114   245491         
   1157   369    87543.1300     0                      1.8114   245492         
Elapsed time = 2101.24 sec. (2986319.23 ticks, tree = 3.87 MB, solutions = 0)
   1160   370    87543.1300     0                      1.8114   245496         
   1162   370    87543.1300     0                      1.8114   245497         
   1165   371    87543.1300     0                      1.8114   245501         
   1167   371    87543.1300     0                      1.8114   245502         
   1170   372    87543.1300     0                      1.8114   245506         
   1172   372    87543.1300     0                      1.8114   245507         
   1175   373    87543.1300     0                      1.8114   245511         
   1177   373    87543.1300     0                      1.8114   245512         
   1180   374    87543.1300     0                      1.8114   245516         
   1182   374    87543.1300     0                      1.8114   245517         
Elapsed time = 2148.55 sec. (3053211.07 ticks, tree = 3.90 MB, solutions = 0)
   1185   375    87543.1300     0                      1.8114   245521         
   1187   375    87543.1300     0                      1.8114   245522         
   1190   376    87543.1300     0                      1.8114   245526         
   1192   376    87543.1300     0                      1.8114   245527         
   1195   377    87543.1300     0                      1.8114   245531         
   1197   377    87543.1300     0                      1.8114   245532         
   1200   378    87543.1300     0                      1.8114   245536         
   1202   378    87543.1300     0                      1.8114   245537         
   1205   379    87543.1300     0                      1.8114   245541         
   1207   379    87543.1300     0                      1.8114   245542         
Elapsed time = 2197.08 sec. (3121897.48 ticks, tree = 3.94 MB, solutions = 0)
   1210   380    87543.1300     0                      1.8114   245546         
   1212   380    87543.1300     0                      1.8114   245547         
   1215   381    87543.1300     0                      1.8114   245551         
   1217   381    87543.1300     0                      1.8114   245552         
   1220   382    87543.1300     0                      1.8114   245556         
   1222   382    87543.1300     0                      1.8114   245557         
   1225   383    87543.1300     0                      1.8114   245561         
   1227   383    87543.1300     0                      1.8114   245562         
   1230   384    87543.1300     0                      1.8114   245566         
   1232   384    87543.1300     0                      1.8114   245567         
Elapsed time = 2243.99 sec. (3188227.20 ticks, tree = 3.98 MB, solutions = 0)
   1235   385    87543.1300     0                      1.8114   245571         
   1237   385    87543.1300     0                      1.8114   245572         
   1240   386    87543.1300     0                      1.8114   245576         
   1242   386    87543.1300     0                      1.8114   245577         
   1245   387    87543.1300     0                      1.8114   245581         
   1247   387    87543.1300     0                      1.8114   245582         
   1250   388    87543.1300     0                      1.8114   245586         
   1252   388    87543.1300     0                      1.8114   245587         
   1255   389    87543.1300     0                      1.8114   245591         
   1257   389    87543.1300     0                      1.8114   245592         
Elapsed time = 2292.15 sec. (3256435.61 ticks, tree = 4.02 MB, solutions = 0)
   1260   390    87543.1300     0                      1.8114   245596         
   1262   390    87543.1300     0                      1.8114   245597         
   1265   391    87543.1300     0                      1.8114   245601         
   1267   391    87543.1300     0                      1.8114   245602         
   1270   392    87543.1300     0                      1.8114   245606         
   1272   392    87543.1300     0                      1.8114   245607         
   1275   393    87543.1300     0                      1.8114   245611         
   1277   393    87543.1300     0                      1.8114   245612         
   1281   395    87543.1300     0                      1.8114   245617         
   1283   395    87543.1300     0                      1.8114   245618         
Elapsed time = 2338.30 sec. (3321470.29 ticks, tree = 4.07 MB, solutions = 0)
   1286   396    87543.1300     0                      1.8114   245622         
   1288   396    87543.1300     0                      1.8114   245623         
   1291   397    87543.1300     0                      1.8114   245627         
   1293   397    87543.1300     0                      1.8114   245628         
   1296   398    87543.1300     0                      1.8114   245632         
   1298   398    87543.1300     0                      1.8114   245633         
   1301   399    87543.1300     0                      1.8114   245637         
   1303   399    87543.1300     0                      1.8114   245638         
   1306   400    87543.1300     0                      1.8114   245642         
   1308   400    87543.1300     0                      1.8114   245643         
Elapsed time = 2384.98 sec. (3387142.74 ticks, tree = 4.11 MB, solutions = 0)
   1311   401    87543.1300     0                      1.8114   245647         
   1313   401    87543.1300     0                      1.8114   245648         
   1316   402    87543.1300     0                      1.8114   245652         
   1318   402    87543.1300     0                      1.8114   245653         
   1321   403    87543.1300     0                      1.8114   245657         
   1323   403    87543.1300     0                      1.8114   245658         
   1326   404    87543.1300     0                      1.8114   245662         
   1328   404    87543.1300     0                      1.8114   245663         
   1331   405    87543.1300     0                      1.8114   245667         
   1333   405    87980.3688     0                      1.8114   245919         
Elapsed time = 2433.75 sec. (3455953.88 ticks, tree = 4.15 MB, solutions = 0)
   1336   406    87980.3688     0                      1.8114   245923         
   1338   406    87980.3688     0                      1.8114   245924         
   1341   407    87980.3688     0                      1.8114   245928         
   1343   407    87980.3688     0                      1.8114   245929         
   1346   408    87980.3688     0                      1.8114   245933         
   1348   408    87980.3688     0                      1.8114   245934         
   1351   409    87980.3688     0                      1.8114   245938         
   1353   409    87980.3688     0                      1.8114   245939         
   1356   410    87980.3688     0                      1.8114   245943         
   1358   410    87980.3688     0                      1.8114   245944         
Elapsed time = 2483.09 sec. (3525876.90 ticks, tree = 4.19 MB, solutions = 0)
   1361   411    87980.3688     0                      1.8114   245948         
   1363   411    87980.3688     0                      1.8114   245949         
   1366   412    87980.3688     0                      1.8114   245953         
   1368   412    87980.3688     0                      1.8114   245954         
   1371   413    87980.3688     0                      1.8114   245958         
   1373   413    87980.3688     0                      1.8114   245959         
   1376   414    87980.3688     0                      1.8114   245963         
   1378   414    87980.3688     0                      1.8114   245964         
   1381   415    87980.3688     0                      1.8114   245968         
   1383   415    87980.3688     0                      1.8114   245969         
Elapsed time = 2533.24 sec. (3596995.53 ticks, tree = 4.24 MB, solutions = 0)
   1386   416    87980.3688     0                      1.8114   245973         
   1388   416    87980.3688     0                      1.8114   245974         
   1391   417    87980.3688     0                      1.8114   245978         
   1393   417    87980.3688     0                      1.8114   245979         
   1396   418    87980.3688     0                      1.8114   245983         
   1398   418    87980.3688     0                      1.8114   245984         
   1401   419    87980.3688     0                      1.8114   245988         
   1403   419    87980.3688     0                      1.8114   245989         
   1406   420    87980.3688     0                      1.8114   245993         
   1408   420    87980.3688     0                      1.8114   245994         
Elapsed time = 2583.39 sec. (3668121.50 ticks, tree = 4.28 MB, solutions = 0)
   1411   421    87980.3688     0                      1.8114   245998         
   1413   421    87980.3688     0                      1.8114   245999         
   1416   422    87980.3688     0                      1.8114   246003         
   1418   422    87980.3688     0                      1.8114   246004         
   1421   423    87980.3688     0                      1.8114   246008         
   1423   423    87980.3688     0                      1.8114   246009         
   1426   424    87980.3688     0                      1.8114   246013         
   1428   424    87980.3688     0                      1.8114   246014         
   1431   425    87980.3688     0                      1.8114   246018         
   1433   425    87980.3688     0                      1.8114   246019         
Elapsed time = 2633.62 sec. (3739549.27 ticks, tree = 4.32 MB, solutions = 0)
   1436   426    87980.3688     0                      1.8114   246023         
   1438   426    87980.3688     0                      1.8114   246024         
   1441   427    87980.3688     0                      1.8114   246028         
   1443   427    87980.3688     0                      1.8114   246029         
   1446   428    87980.3688     0                      1.8114   246033         
   1448   428    87980.3688     0                      1.8114   246034         
   1451   429    87980.3688     0                      1.8114   246038         
   1453   429    87980.3688     0                      1.8114   246039         
   1456   430    87980.3688     0                      1.8114   246043         
   1458   430    87980.3688     0                      1.8114   246044         
Elapsed time = 2684.71 sec. (3812640.73 ticks, tree = 4.36 MB, solutions = 0)
   1461   431    87980.3688     0                      1.8114   246048         
   1463   431    87980.3688     0                      1.8114   246049         
   1466   432    87980.3688     0                      1.8114   246053         
   1468   432    87980.3688     0                      1.8114   246054         
   1471   433    87980.3688     0                      1.8114   246058         
   1473   433    87980.3688     0                      1.8114   246059         
   1476   434    87980.3688     0                      1.8114   246063         
   1478   434    87980.3688     0                      1.8114   246064         
   1481   435    87980.3688     0                      1.8114   246068         
   1482   436    87980.3688     0                      1.8114   246069         
Elapsed time = 2733.13 sec. (3881886.49 ticks, tree = 4.41 MB, solutions = 0)
   1485   437    87980.3688     0                      1.8114   246073         
   1487   437    87980.3688     0                      1.8114   246074         
   1490   438    87980.3688     0                      1.8114   246078         
   1492   438    87980.3688     0                      1.8114   246079         
   1495   439    87980.3688     0                      1.8114   246083         
   1497   439    87980.3688     0                      1.8114   246084         
   1499   439    87980.3688     2                      1.8114   246086         
   1500   440    87980.3688     0                      1.8114   246088         
   1502   440    87980.3688     0                      1.8114   246089         
   1505   441    87980.3688     0                      1.8114   246093         
Elapsed time = 2779.66 sec. (3948212.12 ticks, tree = 4.45 MB, solutions = 0)
   1507   441    87980.3688     0                      1.8114   246094         
   1510   442    87980.3688     0                      1.8114   246098         
   1512   442    87980.3688     0                      1.8114   246099         
   1515   443    87980.3688     0                      1.8114   246103         
   1516   442    87980.3688     0                      1.8114   246103         
   1518   442    87980.3688     0                      1.8114   246104         
   1521   443    87980.3688     0                      1.8114   246108         
   1523   443    87980.3688     0                      1.8114   246109         
   1526   444    87980.3688     0                      1.8114   246113         
   1528   444    87980.3688     0                      1.8114   246114         
Elapsed time = 2828.20 sec. (4017390.69 ticks, tree = 4.48 MB, solutions = 0)
   1531   445    87980.3688     0                      1.8114   246118         
   1533   445    87980.3688     0                      1.8114   246119         
   1536   446    87980.3688     0                      1.8114   246123         
   1537   447    87980.3688     0                      1.8114   246124         
   1540   448    87980.3688     0                      1.8114   246128         
   1542   448    87980.3688     0                      1.8114   246129         
   1545   449    87980.3688     0                      1.8114   246133         
   1547   449    87980.3688     0                      1.8114   246134         
   1550   450    87980.3688     0                      1.8114   246138         
   1552   450    87980.3688     0                      1.8114   246139         
Elapsed time = 2877.52 sec. (4087767.07 ticks, tree = 4.53 MB, solutions = 0)
   1555   451    87980.3688     0                      1.8114   246143         
   1557   451    87980.3688     0                      1.8114   246144         
   1560   452    87980.3688     0                      1.8114   246148         
   1562   452    87980.3688     0                      1.8114   246149         
   1565   453    87980.3688     0                      1.8114   246153         
   1567   453    87980.3688     0                      1.8114   246154         
   1570   454    87980.3688     0                      1.8114   246158         
   1572   454    87980.3688     0                      1.8114   246159         
   1575   455    87980.3688     0                      1.8114   246163         
   1577   455    87980.3688     0                      1.8114   246164         
Elapsed time = 2928.98 sec. (4161097.65 ticks, tree = 4.57 MB, solutions = 0)
   1580   456    87980.3688     0                      1.8114   246168         
   1582   456    79556.3280     0                      1.8114   289756         
   1583   455    68302.3223     0                      1.8114   297977         
   1584   456    90200.1939     0                      1.8114   300983         
   1585   455    90460.4327     0                      1.8114   300983         
   1586   456    90568.8511     0                      1.8114   301139         
   1589   457    90610.5002     0                      1.8114   301198         
   1591   457    90610.5002     0                      1.8114   301200         
   1597   460    94726.6603     0                      1.8114   304786         
   1598   459    94871.8405     0                      1.8114   304787         
Elapsed time = 3059.74 sec. (4319371.82 ticks, tree = 4.62 MB, solutions = 0)
   1599   458    94877.3371     0                      1.8114   306718         
   1600   459        1.8286    24                      1.8141   306769         
   1660   519        1.8767    29                      1.8141   309894         
   1749   608        1.9188    23                      1.8141   311537         
   1795   654     5611.0157     0                      1.8141   324484         
   1796   655    52281.9856     0                      1.8141   342052         
   1798   657    52713.2129     0                      1.8141   354185         
   1800   659    70865.0632     0                      1.8141   370094         
   1802   661    77485.5345     0                      1.8141   402106         
   1804   663    73255.9677     0                      1.8141   413583         
Elapsed time = 3194.08 sec. (4463924.82 ticks, tree = 5.59 MB, solutions = 0)
   1805   662    77241.6508     0                      1.8141   413584         
   1806   663    77759.5845     0                      1.8141   415701         
   1807   662    77844.5148     0                      1.8141   415702         
   1809   664    78000.1263     0                      1.8141   415855         
   1810   663    78032.3482     0                      1.8141   415855         
   1812   665    78056.7475     0                      1.8141   415956         
   1813   664    78056.9827     0                      1.8141   415956         
   1814   665    87233.2209     0                      1.8141   419033         
   1815   664    89777.2886     0                      1.8141   422662         
   1816   665    80510.4996     2                      1.8141   428390         
Elapsed time = 3260.99 sec. (4549143.06 ticks, tree = 5.60 MB, solutions = 0)
   1817   666    89813.3840     0                      1.8141   431255         
   1818   665    90863.2617     0                      1.8141   438133         
   1819   666    89382.6677     0                      1.8141   449547         
   1820   665    89506.6291     0                      1.8141   465515         
   1821   666    56348.5407     2                      1.8141   586187         
   1822   667    89464.1514     0                      1.8141   595630         
   1823   668    49669.3252     0                      1.8141   606650         
   1824   667    91263.7919     0                      1.8141   616717         
   1825   668    69393.9650     2                      1.8141   625013         
#SOLVERNAME# CPLEX_MISOCP
#SOLVER# CPLEX.CplexSolver(Any[(:CPX_PARAM_THREADS, 1), (:CPX_PARAM_TILIM, 3600.0), (:CPX_PARAM_SCRIND, 1), (:CPX_PARAM_EPINT, 1.0e-9), (:CPX_PARAM_EPRHS, 1.0e-8), (:CPX_PARAM_EPGAP, 1.0e-5)])
#INSTANCE# achtziger_stolpe06-6.5bflowc.cbf.gz
#TIMELIMIT# 3600.0
#STATUS# UserLimit
#OBJVAL# NaN
#OBJBOUND# 1.8141234356474754
#NODECOUNT# 1826
#TIMESOLVER# 3600.050759077072
#TIMEALL# 3600.280473947525
#SOLUTION# []

Gomory fractional cuts applied:  1
Cone linearizations applied:  12318

Root node processing (before b&c):
  Real time             =    7.54 sec. (10483.31 ticks)
Sequential b&c:
  Real time             = 3592.51 sec. (4904183.47 ticks)
                          ------------
Total (root+branch&cut) = 3600.05 sec. (4914666.78 ticks)
CPLEX Error  1217: No solution exists.
CPLEX Error  1217: No solution exists.
