
Cone linearizations applied:  141

Root node processing (before b&c):
  Real time             =    0.02 sec. (10.67 ticks)
Sequential b&c:
  Real time             =    0.01 sec. (10.37 ticks)
                          ------------
Total (root+branch&cut) =    0.03 sec. (21.05 ticks)
Tried aggregator 2 times.
MIQCP Presolve eliminated 1321 rows and 1258 columns.
Aggregator did 284 substitutions.
Reduced MIQCP has 157 rows, 338 columns, and 548 nonzeros.
Reduced MIQCP has 64 binaries, 0 generals, 0 SOSs, and 0 indicators.
Reduced MIQCP has 10 quadratic constraints.
Presolve time = 0.00 sec. (1.57 ticks)
Probing time = 0.00 sec. (0.18 ticks)
MIP emphasis: balance optimality and feasibility.
MIP search method: dynamic search.
Parallel mode: none, using 1 thread.
Root relaxation solution time = 0.00 sec. (0.22 ticks)

        Nodes                                         Cuts/
   Node  Left     Objective  IInf  Best Integer    Best Bound    ItCnt     Gap

      0     0   -35512.5150     9                 -42044.0000       17         
      0     0   -32662.5470    10                    Cone: 10       39         
      0     0   -32441.9447    16                    Cone: 20       53         
      0     0   -32368.6577    15                    Cone: 29       69         
      0     0   -32326.9213    16                    Cone: 38       79         
      0     0   -32322.2973    16                    Cone: 47       88         
      0     0   -32314.1052    17                    Cone: 56       99         
      0     0   -32310.0770    17                   Cone: 150      212         
      0     0   -32310.0769    17                   Cone: 159      216         
      0     0   -32310.0768    17                   Cone: 168      222         
      0     0   -32310.0768    17                   Cone: 171      224         
      0     0   -32310.0768    17                   Cone: 172      225         
      0     0   -32310.0768    17                 -32310.0768      225         
*     0+    0                       -26699.0000   -32310.0768            21.02%
*     0+    0                       -29491.0000   -32310.0768             9.56%
      0     0   -31818.1876    16   -29491.0000      Cuts: 23      281    7.89%
      0     0   -31602.3501    19   -29491.0000       Cuts: 9      303    7.16%
      0     0   -31531.5593    28   -29491.0000      Cuts: 11      321    6.92%
      0     0   -31488.9940    24   -29491.0000      Cuts: 11      336    6.77%
*     0+    0                       -30604.0000   -31488.9940             2.89%
      0     0   -31434.6066    31   -30604.0000      Cuts: 15      356    2.71%
      0     0   -31414.5047    33   -30604.0000      Cuts: 12      373    2.65%
      0     0   -31400.0116    28   -30604.0000       Cuts: 9      389    2.60%
      0     0   -31395.5337    23   -30604.0000       Cuts: 6      397    2.59%
      0     0   -31392.2583    26   -30604.0000       Cuts: 6      407    2.58%
      0     0   -31385.8255    29   -30604.0000       Cuts: 3      414    2.55%
      0     0   -31376.5541    26   -30604.0000      Cuts: 10      423    2.52%
      0     0   -31372.4909    27   -30604.0000       Cuts: 7      432    2.51%
      0     0   -31355.3056    27   -30604.0000    MIRcuts: 5      445    2.45%
      0     0   -31345.2531    28   -30604.0000       Cuts: 7      457    2.42%
      0     0   -31334.0856    29   -30604.0000       Cuts: 8      474    2.39%
      0     0   -31313.9220    21   -30604.0000      Cuts: 10      495    2.32%
      0     0   -31303.5499    32   -30604.0000      Cuts: 10      509    2.29%
      0     0   -31293.8301    34   -30604.0000      Cuts: 11      521    2.25%
      0     0   -31285.8720    28   -30604.0000       Cuts: 7      537    2.23%
      0     0   -31273.9335    32   -30604.0000       Cuts: 4      668    2.19%
      0     0   -31271.1253    27   -30604.0000       Cuts: 7      718    2.18%
      0     0   -31269.3147    28   -30604.0000       Cuts: 4      729    2.17%
      0     2   -31269.3147    28   -30604.0000   -31268.7849      729    2.17%
Elapsed time = 1.10 sec. (842.23 ticks, tree = 0.01 MB, solutions = 3)
*   170+   88                       -30782.0000   -31154.7257             1.21%
*   476   176      integral     0   -30802.0000   -31024.0592     7842    0.72%
    496   174   -31006.4688    17   -30802.0000   -31011.4253     8231    0.68%
#SOLVERNAME# CPLEX_MISOCP
#SOLVER# CPLEX.CplexSolver(Any[(:CPX_PARAM_THREADS, 1), (:CPX_PARAM_TILIM, 3600.0), (:CPX_PARAM_SCRIND, 1), (:CPX_PARAM_EPINT, 1.0e-9), (:CPX_PARAM_EPRHS, 1.0e-8), (:CPX_PARAM_EPGAP, 1.0e-5)])
#INSTANCE# ck_n75_m10_o1_5.cbf.gz
#TIMELIMIT# 3600.0
#STATUS# Optimal
#OBJVAL# 30802.0
#OBJBOUND# 30802.0
#NODECOUNT# 1097
#TIMESOLVER# 1.549729824066162
#TIMEALL# 1.621556043624878
#SOLUTION# [-0.0,1.0,1.0,1.0,1.0000000000000004,1.0,1.1102230246251565e-16,1.0000000000000004,-0.0,-5.551115123125783e-17,1.0,-1.1102230246251565e-16,1.0,4.996003610813204e-16,1.0,-0.0,1.0000000000000002,-0.0,1.0,-0.0,1.0,1.0,1.0,1.0,1.0,-0.0,1.0,1.1102230246251565e-16,1.0,1.0,1.0000000000000002,1.0,1.0,0.9999999999999987,1.0,1.0,-0.0,-0.0,0.9999999999999998,-0.0,-0.0,1.0,0.0,-0.0,1.0,1.0,1.0,0.0,1.0,1.0,1.0,0.0,-0.0,-0.0,-0.0,1.0,1.0,-2.7755575615628914e-16,1.0,1.0000000000000002,0.0,1.0,1.0000000000000007,1.0,1.0,1.0,1.0,1.0,0.9999999999999994,1.0,4.440892098500626e-16,1.0,0.0,0.0,1.0,0.0,0.0,9.0,3.0,0.0,0.0,0.0,3.1086244689504383e-15,0.0,0.0,0.0,0.0,0.0,0.0,0.0,0.0,0.0,0.0,0.0,81.0,0.0,0.0,0.0,0.0,0.0,35.0,0.0,0.0,6.439293542825908e-15,0.0,0.0,0.0,0.0,1.0,0.0,0.0,0.0,0.0,0.0,0.0,0.0,0.0,0.0,0.0,0.0,0.0,0.0,0.0,0.0,40.0,0.0,0.0,0.0,0.0,0.0,0.0,0.0,0.0,-2.7755575615628914e-16,0.0,0.0,0.0,2.0,0.0,0.0,0.0,0.0,0.0,63.0,0.0,0.0,0.0,0.0,0.0,0.0,20.0,118.0,0.0,31.0,21.0,0.0,0.0,0.0,1.5543122344752192e-15,0.0,0.0,0.0,0.0,0.0,0.0,0.0,0.0,0.0,0.0,0.0,0.0,0.0,0.0,0.0,0.0,0.0,0.0,0.0,0.0,3.219646771412954e-15,0.0,0.0,0.0,0.0,0.0,0.0,0.0,0.0,0.0,0.0,0.0,0.0,0.0,0.0,0.0,0.0,13.0,0.0,0.0,0.0,0.0,0.0,70.0,0.0,0.0,0.0,0.0,0.0,0.0,0.0,0.0,0.0,0.0,0.0,0.0,0.0,0.0,0.0,0.0,0.0,8.999999999999995,0.0,0.0,0.0,0.0,0.0,0.0,113.0,0.0,0.0,0.0,0.0,0.0,0.0,0.0,0.0,0.0,0.0,0.0,0.0,18.0,0.0,0.0,0.0,0.0,0.0,0.0,0.0,0.0,22.0,0.0,0.0,0.0,0.0,0.0,6.661338147750939e-16,0.0,0.0,0.0,0.0,0.0,11.999999999999984,0.0,0.0,0.0,0.0,0.0,0.0,0.0,0.0,0.0,0.0,0.0,0.0,0.0,0.0,0.0,0.0,0.0,0.0,0.0,0.0,0.0,0.0,0.0,0.0,0.0,0.0,0.0,0.0,10.000000000000007,34.0,0.0,0.0,0.0,0.0,0.0,0.0,8.881784197001252e-16,0.0,0.0,0.0,0.0,110.99999999999997,0.0,0.0,0.0,0.0,0.0,0.0,0.0,1.0000000000000004,0.0,0.0,0.0,0.0,0.0,0.0,0.0,0.0,0.0,0.0,0.0,0.0,0.0,0.0,0.0,0.0,0.0,0.0,0.0,0.0,0.0,0.0,0.0,0.0,0.0,0.0,0.0,0.0,0.0,0.0,0.0,0.0,0.0,0.0,0.0,0.0,0.0,0.0,0.0,0.0,0.0,9.0,0.0,0.0,0.0,0.0,0.0,31.0,0.0,0.0,0.0,0.0,0.0,0.0,0.0,16.0,0.0,0.0,0.0,1.0,0.0,93.0,0.0,0.0,0.0,0.0,0.0,123.0,0.0,0.0,0.0,0.0,2.000000000000001,0.0,0.0,0.0,0.0,0.0,0.0,-2.7755575615628914e-15,0.0,0.0,0.0,0.0,0.0,0.0,0.0,0.0,16.0,0.0,0.0,0.0,0.0,0.0,0.0,0.0,0.0,0.0,9.000000000000002,3.0,0.0,0.0,0.0,0.0,0.0,0.0,72.99999999999999,0.0,0.0,0.0,0.0,0.0,0.0,0.0,0.0,0.0,0.0,45.0,0.0,0.0,0.0,0.0,0.0,0.0,0.0,-1.1379786002407855e-14,57.0,0.0,0.0,0.0,0.0,0.0,27.0,0.0,0.0,0.0,0.0,0.0,0.0,0.0,0.0,0.0,0.0,125.0,0.0,0.0,0.0,0.0,27.00000000000001,0.0,0.0,39.000000000000014,0.0,0.0,0.0,0.0,0.0,1.049160758270773e-14,0.0,0.0,0.0,0.0,62.0,0.0,0.0,0.0,0.0,0.0,0.0,0.0,0.0,0.0,0.0,0.0,0.0,0.0,52.0,0.0,18.0,17.0,0.0,0.0,0.0,0.0,0.0,0.0,0.0,0.0,0.0,3.0,0.0,0.0,0.0,1.0,0.0,0.0,0.0,0.0,0.0,0.0,0.0,-7.494005416219807e-15,0.0,9.000000000000002,0.0,0.0,0.0,0.0,32.0,0.0,0.0,0.0,29.999999999999982,0.0,0.0,0.0,0.0,0.0,0.0,130.0000000000001,0.0,0.0,0.0,0.0,0.0,0.0,0.0,57.00000000000003,0.0,-6.106226635438361e-16,1.0,-3.552713678800501e-15,34.0,0.0,0.0,0.0,12.000000000000004,0.0,0.0,0.0,0.0,0.0,0.0,0.0,0.0,0.0,0.0,0.0,0.0,0.0,0.0,0.0,0.0,0.0,0.0,0.0,0.0,0.0,0.0,0.0,0.0,0.0,0.0,0.0,0.0,0.0,0.0,0.0,12.0,0.0,0.0,0.0,0.0,0.0,0.0,0.0,0.0,0.0,0.0,0.0,0.0,0.0,0.0,0.0,0.0,0.0,0.0,0.0,4.999999999999997,0.0,0.0,0.0,0.0,0.0,0.0,70.99999999999997,0.0,0.0,0.0,0.0,1.0000000000000004,0.0,0.0,0.0,0.0,0.0,0.0,0.0,0.0,1.2490009027033011e-14,0.0,0.0,0.0,0.0,0.0,0.0,0.0,0.0,0.0,0.0,0.0,0.0,0.0,0.0,0.0,0.0,0.0,0.0,0.0,31.999999999999957,0.0,0.0,0.0,0.0,0.0,0.0,0.0,0.0,0.0,0.0,0.0,0.0,0.0,0.0,17.0,0.0,0.0,0.0,0.0,0.0,0.0,0.0,0.0,0.0,18.0,0.0,0.0,0.0,0.0,0.0,0.0,0.0,0.0,0.0,0.0,0.0,0.0,0.0,0.0,0.0,0.0,48.00000000000006,0.0,0.0,0.0,0.0,0.0,0.0,0.0,0.0,0.0,0.0,0.0,0.0,0.0,0.0,0.0,0.0,0.0,0.0,0.0,0.0,0.0,1.0,0.0,0.0,0.0,0.0,0.0,0.0,0.0,0.0,0.0,0.0,0.0,0.0,0.0,0.0,0.0,0.0,55.999999999999986,0.0,0.0,0.0,0.0,0.0,0.0,50.0,0.0,0.0,0.0,33.0,0.0,0.0,0.0,0.0,0.0,0.0,2.0,-4.440892098500626e-15,0.0,64.00000000000001,0.0,0.0,0.0,0.0,0.0,0.0,0.0,0.0,0.0,0.0,0.0,0.0,0.0,0.0,0.0,117.0,0.0,0.0,0.0,0.0,0.0,0.0,0.0,0.0,0.0,-1.6653345369377348e-16,0.0,0.0,0.0,0.0,16.0,0.0,0.0,0.0,0.0,0.0,0.0,0.0,0.0,0.0,0.0,0.0,33.0,0.0,0.0,0.0,0.0,0.0,0.0,0.0,0.0,0.0,0.0,0.0,0.0,0.0,0.0,0.0,0.0,0.0,0.0,0.0,0.0,0.0,0.0,0.0,0.0,0.0,0.0,0.0,0.0,0.0,0.0,0.0,0.0,0.0,0.0,0.0,0.0,0.0,0.0,0.0,0.0,0.0,0.0,0.0,0.0,0.0,0.0,0.0,0.0,46.0,166.8772003600252,83.43860018001261,-0.0,12.727922061357855,4.242640687119285,-0.0,-0.0,-0.0,4.396258884314569e-15,-0.0,-0.0,-0.0,-0.0,-0.0,-0.0,-0.0,-0.0,-0.0,-0.0,-0.0,114.55129855222069,-0.0,-0.0,-0.0,-0.0,-0.0,49.49747468305832,0.0,-0.0,9.106536260365895e-15,-0.0,-0.0,-0.0,-0.0,1.414213562373095,-0.0,-0.0,-0.0,0.0,0.0,-0.0,0.0,-0.0,-0.0,-0.0,-0.0,-0.0,-0.0,-0.0,-0.0,56.5685424949238,-0.0,-0.0,-0.0,0.0,0.0,-0.0,-0.0,-0.0,-3.9252311467094373e-16,-0.0,-0.0,-0.0,2.82842712474619,-0.0,-0.0,-0.0,-0.0,-0.0,89.09545442950498,-0.0,-0.0,-0.0,-0.0,-0.0,-0.0,28.2842712474619,159.80613254815972,79.90306627407988,0.0,43.840620433565945,29.698484809834994,-0.0,-0.0,-0.0,2.1981294421572847e-15,-0.0,-0.0,-0.0,-0.0,-0.0,-0.0,-0.0,-0.0,-0.0,-0.0,-0.0,-0.0,-0.0,-0.0,-0.0,-0.0,-0.0,-0.0,-0.0,-0.0,4.553268130182947e-15,-0.0,-0.0,-0.0,-0.0,-0.0,-0.0,-0.0,-0.0,-0.0,-0.0,-0.0,-0.0,-0.0,-0.0,0.0,-0.0,18.384776310850235,-0.0,-0.0,0.0,-0.0,-0.0,98.99494936611664,-0.0,-0.0,0.0,-0.0,-0.0,-0.0,-0.0,-0.0,-0.0,-0.0,-0.0,-0.0,-0.0,-0.0,-0.0,-0.0,-0.0,12.727922061357848,-0.0,-0.0,-0.0,-0.0,0.0,-0.0,156.97770542341348,78.48885271170676,-0.0,-0.0,-0.0,-0.0,-0.0,-0.0,-0.0,-0.0,0.0,-0.0,-0.0,-0.0,25.45584412271571,-0.0,-0.0,-0.0,-0.0,-0.0,-0.0,-0.0,-0.0,31.112698372208087,-0.0,-0.0,-0.0,-0.0,-0.0,9.42055475210265e-16,-0.0,-0.0,-0.0,-0.0,-0.0,16.970562748477118,-0.0,-0.0,-0.0,-0.0,-0.0,-0.0,-0.0,-0.0,0.0,-0.0,-0.0,-0.0,-0.0,0.0,-0.0,-0.0,-0.0,-0.0,-0.0,-0.0,-0.0,-0.0,-0.0,-0.0,-0.0,-0.0,-0.0,-0.0,14.142135623730958,48.08326112068523,-0.0,-0.0,-0.0,-0.0,-0.0,-0.0,1.25607396694702e-15,-0.0,-0.0,-0.0,-0.0,173.94826817189067,86.97413408594535,-0.0,-0.0,-0.0,-0.0,-0.0,-0.0,-0.0,1.4142135623730956,-0.0,-0.0,-0.0,-0.0,-0.0,-0.0,-0.0,-0.0,-0.0,-0.0,-0.0,-0.0,-0.0,-0.0,-0.0,-0.0,-0.0,-0.0,-0.0,-0.0,-0.0,-0.0,-0.0,-0.0,-0.0,-0.0,-0.0,-0.0,0.0,-0.0,-0.0,-0.0,-0.0,-0.0,0.0,0.0,-0.0,-0.0,-0.0,-0.0,-0.0,12.727922061357855,-0.0,-0.0,-0.0,0.0,0.0,43.840620433565945,-0.0,-0.0,-0.0,-0.0,-0.0,-0.0,-0.0,22.62741699796952,-0.0,-0.0,-0.0,1.414213562373095,-0.0,131.52186130069782,-0.0,-0.0,0.0,0.0,-0.0,176.77669529663686,88.38834764831844,-0.0,-0.0,-0.0,-0.0,2.828427124746191,-0.0,-0.0,-0.0,0.0,-0.0,-0.0,-3.925231146709437e-15,-0.0,-0.0,-0.0,-0.0,-0.0,-0.0,-0.0,-0.0,22.62741699796952,-0.0,-0.0,-0.0,-0.0,-0.0,-0.0,-0.0,-0.0,-0.0,12.727922061357859,4.242640687119285,-0.0,-0.0,-0.0,-0.0,0.0,-0.0,103.2375900532359,-0.0,0.0,-0.0,-0.0,-0.0,-0.0,-0.0,-0.0,0.0,-0.0,63.63961030678927,-0.0,-0.0,0.0,-0.0,-0.0,-0.0,-0.0,-1.6093447701508692e-14,80.61017305526642,-0.0,-0.0,-0.0,-0.0,-0.0,38.18376618407356,-0.0,-0.0,-0.0,-0.0,-0.0,-0.0,-0.0,-0.0,-0.0,-0.0,183.8477631085025,91.92388155425127,0.0,-0.0,-0.0,-0.0,38.183766184073576,-0.0,-0.0,55.154328932550726,-0.0,-0.0,-0.0,-0.0,-0.0,1.4837373734561674e-14,-0.0,0.0,-0.0,-0.0,87.68124086713189,0.0,-0.0,-0.0,-0.0,-0.0,-0.0,-0.0,-0.0,-0.0,-0.0,-0.0,-0.0,-0.0,73.53910524340094,-0.0,25.45584412271571,24.041630560342615,-0.0,0.0,-0.0,-0.0,-0.0,-0.0,-0.0,0.0,-0.0,4.242640687119285,-0.0,0.0,-0.0,1.414213562373095,-0.0,0.0,-0.0,-0.0,-0.0,-0.0,-0.0,-1.059812409611548e-14,-0.0,12.727922061357859,0.0,-0.0,-0.0,-0.0,45.25483399593904,-0.0,-0.0,-0.0,42.426406871192825,-0.0,-0.0,-0.0,-0.0,-0.0,-0.0,100.40916292848969,50.20458146424486,-0.0,-0.0,-0.0,-0.0,-0.0,-0.0,-0.0,80.61017305526646,0.0,-8.635508522760762e-16,1.414213562373095,-5.02429586778808e-15,48.08326112068523,-0.0,-0.0,-0.0,16.970562748477143,-0.0,-0.0,-0.0,-0.0,-0.0,-0.0,-0.0,-0.0,-0.0,-0.0,-0.0,-0.0,-0.0,-0.0,-0.0,-0.0,-0.0,-0.0,-0.0,-0.0,-0.0,-0.0,-0.0,-0.0,-0.0,-0.0,0.0,-0.0,-0.0,-0.0,-0.0,16.97056274847714,-0.0,-0.0,-0.0,-0.0,-0.0,-0.0,-0.0,-0.0,-0.0,-0.0,-0.0,-0.0,-0.0,-0.0,-0.0,-0.0,-0.0,-0.0,-0.0,7.071067811865471,-0.0,-0.0,-0.0,-0.0,-0.0,-0.0,67.88225099390864,33.94112549695432,-0.0,-0.0,-0.0,-0.0,1.4142135623730956,-0.0,-0.0,-0.0,-0.0,-0.0,-0.0,-0.0,-0.0,1.7663540160192467e-14,-0.0,0.0,-0.0,-0.0,-0.0,0.0,-0.0,-0.0,-0.0,-0.0,-0.0,-0.0,-0.0,-0.0,-0.0,-0.0,-0.0,-0.0,-0.0,45.25483399593898,-0.0,-0.0,-0.0,-0.0,-0.0,-0.0,-0.0,-0.0,-0.0,-0.0,-0.0,-0.0,-0.0,-0.0,24.041630560342615,-0.0,-0.0,0.0,-0.0,0.0,-0.0,-0.0,-0.0,-0.0,25.45584412271571,-0.0,-0.0,-0.0,-0.0,-0.0,-0.0,-0.0,-0.0,-0.0,-0.0,-0.0,-0.0,-0.0,-0.0,-0.0,-0.0,165.4629867976521,82.73149339882606,-0.0,-0.0,-0.0,-0.0,-0.0,-0.0,-0.0,-0.0,-0.0,-0.0,-0.0,-0.0,-0.0,-0.0,-0.0,-0.0,-0.0,0.0,-0.0,-0.0,-0.0,1.414213562373095,-0.0,-0.0,-0.0,-0.0,-0.0,-0.0,-0.0,-0.0,-0.0,-0.0,-0.0,-0.0,-0.0,-0.0,-0.0,-0.0,79.1959594928933,-0.0,0.0,-0.0,-0.0,0.0,-0.0,70.71067811865474,-0.0,0.0,-0.0,46.66904755831213,-0.0,0.0,-0.0,-0.0,-0.0,-0.0,2.82842712474619,-6.2803698347351e-15,-0.0,90.50966799187809,-0.0,-0.0,-0.0,-0.0,-0.0,-0.0,-0.0,-0.0,-0.0,-0.0,-0.0,-0.0,-0.0,0.0,-0.0,65.05382386916237,32.526911934581186,-0.0,-0.0,-0.0,-0.0,-0.0,-0.0,-0.0,-0.0,-0.0,-2.3551386880256624e-16,-0.0,-0.0,-0.0,-0.0,22.62741699796952,-0.0,-0.0,-0.0,-0.0,-0.0,-0.0,-0.0,-0.0,-0.0,-0.0,-0.0,46.66904755831213,-0.0,-0.0,-0.0,-0.0,-0.0,-0.0,-0.0,-0.0,-0.0,-0.0,-0.0,-0.0,-0.0,-0.0,-0.0,0.0,-0.0,-0.0,-0.0,-0.0,-0.0,-0.0,-0.0,-0.0,-0.0,0.0,-0.0,-0.0,-0.0,-0.0,-0.0,-0.0,-0.0,-0.0,-0.0,-0.0,-0.0,-0.0,-0.0,-0.0,-0.0,-0.0,-0.0,-0.0,-0.0,-0.0,0.0,-0.0]

Cover cuts applied:  3
Flow cuts applied:  12
Mixed integer rounding cuts applied:  35
Zero-half cuts applied:  10
Lift and project cuts applied:  11
Cone linearizations applied:  138

Root node processing (before b&c):
  Real time             =    1.10 sec. (842.30 ticks)
Sequential b&c:
  Real time             =    0.45 sec. (401.16 ticks)
                          ------------
Total (root+branch&cut) =    1.55 sec. (1243.46 ticks)
