
Cone linearizations applied:  141

Root node processing (before b&c):
  Real time             =    0.02 sec. (10.67 ticks)
Sequential b&c:
  Real time             =    0.01 sec. (10.37 ticks)
                          ------------
Total (root+branch&cut) =    0.03 sec. (21.05 ticks)
Tried aggregator 2 times.
MIQCP Presolve eliminated 1261 rows and 631 columns.
Aggregator did 1410 substitutions.
Reduced MIQCP has 1825 rows, 4110 columns, and 7585 nonzeros.
Reduced MIQCP has 630 binaries, 0 generals, 0 SOSs, and 0 indicators.
Reduced MIQCP has 1110 quadratic constraints.
Presolve time = 0.02 sec. (7.23 ticks)
Probing time = 0.00 sec. (0.22 ticks)
MIP emphasis: balance optimality and feasibility.
MIP search method: dynamic search.
Parallel mode: none, using 1 thread.
Root relaxation solution time = 0.00 sec. (1.95 ticks)

        Nodes                                         Cuts/
   Node  Left     Objective  IInf  Best Integer    Best Bound    ItCnt     Gap

      0     0        0.0000     0                      0.0000        0         
      0     0        0.0000     0                     Cone: 9        1         
      0     0        0.0000     0                    Cone: 19        3         
      0     0        0.0000     0                    Cone: 29       17         
      0     0        0.0000     3                    Cone: 57       37         
      0     0        0.0000     3                   Cone: 118       63         
      0     0        0.0000    21                   Cone: 197      146         
      0     0        0.0000    23                      0.0000      285         
      0     0        0.0000     2                    Cuts: 19      471         
      0     0        0.0000     1                    Cuts: 39      616         
      0     0        0.0000     1                    Cuts: 39      676         
      0     2        8.3183     2                      8.3223      676         
Elapsed time = 6.02 sec. (8059.18 ticks, tree = 0.01 MB, solutions = 0)
     45    47        8.3405     1                      8.3300      947         
     83    85        8.3466     1                      8.3300     1109         
     87    89       10.5139     5                      8.3300     1145         
     89    91       10.6100     4                      8.3300     3349         
    102   104       11.1631     4                      8.3300     4423         
    114   116       18.9689     2                      8.3300     5000         
    131   133       19.1089     1                      8.3300     6403         
    157   159       19.1517     2                      8.3300     6638         
    188   190       19.1641     2                      8.3300     6832         
    227   227    49420.2287     0                      8.3300    10866         
Elapsed time = 10.65 sec. (13310.03 ticks, tree = 4.89 MB, solutions = 0)
    228   228    96687.1452     0                      8.3300    15645         
    229   227    98365.1809     0                      8.3300    19175         
    230   226    98903.6357     0                      8.3300    19779         
    231   225   100733.1820     0                      8.3300    20614         
    234   228       25.9711    50                      8.3300    23330         
    249   243       32.2472    51                      8.3300    24656         
    298   292       36.9665    39                      8.3300    28171         
    333   327       39.1493    40                      8.3300    30919         
    371   365       40.5070    34                      8.3300    33898         
    422   416       43.3284    36                      8.3300    37282         
Elapsed time = 24.79 sec. (29911.23 ticks, tree = 5.86 MB, solutions = 0)
    482   476       46.4336    27                      8.3300    39826         
    526   520       54.0876    25                      8.3300    44275         
    547   539    69960.8005     0                      8.3300    49065         
    551   543       61.4605    40                      8.3300    51520         
    562   554       64.4153    40                      8.3300    54732         
    583   575       70.7989    43                      8.3300    57241         
    605   597       74.8218    44                      8.3300    58705         
    627   619      167.0876     7                      8.3300    63880         
    654   646      120.9289    30                      8.3300    67121         
    692   684       93.1304    31                      8.3300    69212         
Elapsed time = 36.82 sec. (41358.10 ticks, tree = 8.19 MB, solutions = 0)
    700   690   113044.9651     0                      8.3300    73888         
    702   690   133362.0458     0                      8.3300    81499         
    728   714   136929.8040     0                      8.3300    88281         
    740   726      150.2240    22                      8.3300    91005         
    761   747      223.0431    11                      8.3300    95978         
    768   752   103406.1101     0                      8.3300   101731         
    772   754   135544.3674     0                      8.3300   109110         
    780   760   171993.1371     0                      8.3300   114280         
    790   768   144619.5215     0                      8.3300   119958         
    792   768   174380.1483     0                      8.3300   124257         
Elapsed time = 62.20 sec. (69885.09 ticks, tree = 8.35 MB, solutions = 0)
    796   770   179253.6269     0                      8.3300   134217         
    800   772   108020.7650     0                      8.3300   139483         
    802   772   119305.6300     0                      8.3300   145005         
    804   772   184717.1581     0                      8.3300   150681         
    806   772   124801.2185     0                      8.3300   156811         
    808   772   184683.2027     0                      8.3300   168531         
    810   774     1688.8339    12                      8.3300   168543         
    811   773   164899.3443     0                      8.3300   173670         
    813   773   188703.8957     0                      8.3300   183211         
    818   776   190968.9255     0                      8.3300   195177         
Elapsed time = 95.93 sec. (106194.81 ticks, tree = 8.52 MB, solutions = 0)
    825   781   192771.1961     0                      8.3300   208798         
    827   781   194192.7517     0                      8.3300   215303         
    829   781   190818.6490     0                      8.3300   221102         
    835   787    67821.4718     1                      8.3300   228818         
    837   787   192023.4939     0                      8.3300   238716         
    839   787   201618.3228     0                      8.3300   250922         
    840   788    60029.1576     7                      8.3300   254808         
    841   787   202898.8061     0                      8.3300   259796         
    844   788   206193.2837     0                      8.3300   265978         
    846   788   211662.0295     0                      8.3300   273552         
Elapsed time = 125.60 sec. (136864.62 ticks, tree = 8.54 MB, solutions = 0)
    848   788   204769.9114     0                      8.3300   283119         
    850   790    70504.7010     2                      8.3300   284422         
    851   789   188044.3555     0                      8.3300   288321         
    854   790   212578.7110     0                      8.3300   293903         
    856   790   222030.6914     0                      8.3300   302626         
    859   791   228698.3471     0                      8.3300   307819         
    860   790   147969.3966     0                      8.3300   311450         
    862   790   232471.4244     0                      8.3300   317184         
    865   791   239657.2440     0                      8.3300   326057         
    866   790   164676.7829     0                      8.3300   327784         
Elapsed time = 156.08 sec. (170412.07 ticks, tree = 8.63 MB, solutions = 0)
    869   791   246513.0784     0                      8.3300   333625         
    870   792   118783.6621     1                      8.3300   333626         
    872   794   146923.3444     1                      8.3300   335606         
    873   793   255148.2489     0                      8.3300   340570         
    874   794   164986.7339     0                      8.3300   341729         
    875   793   256710.0744     0                      8.3300   348788         
    876   792   175779.0725     0                      8.3300   350463         
    879   795   183861.9598     0                      8.3300   351762         
    880   794   262917.6997     0                      8.3300   355806         
    881   793   197455.5589     0                      8.3300   356225         
Elapsed time = 180.44 sec. (198098.15 ticks, tree = 8.64 MB, solutions = 0)
    882   792   264914.9295     0                      8.3300   367488         
    884   794       27.0150    53                      8.3518   375755         
    892   802       28.6808    56                      8.3528   383537         
    910   820       38.6339    31                      8.3528   387831         
    920   830       53.2445    33                      8.3528   389920         
    937   845   108084.4956     0                      8.3528   403215         
    960   868       90.7569    53                      8.3528   408362         
   1000   908       74.9794    44                      8.3528   413175         
   1015   923       35.8804    33                      8.3528   418108         
   1046   954       49.2915    41                      8.3528   422134         
Elapsed time = 204.97 sec. (221809.85 ticks, tree = 18.79 MB, solutions = 0)
   1112  1020       58.1088    38                      8.3528   425331         
   1120  1028       73.6241    36                      8.3528   426758         
   1126  1032   122461.4910     0                      8.3528   442690         
   1142  1046   140373.5919     0                      8.3528   457613         
   1146  1050      260.4731    18                      8.3528   463532         
   1152  1054   185037.7220     0                      8.3528   480981         
   1154  1054   196787.3685     0                      8.3528   488582         
   1157  1055   170216.6523     0                      8.3528   498322         
   1159  1055   215284.0201     0                      8.3528   505867         
   1161  1055   232870.3611     0                      8.3528   524723         
Elapsed time = 257.31 sec. (273258.29 ticks, tree = 28.05 MB, solutions = 0)
   1167  1059   249315.4111     0                      8.3528   533238         
   1169  1059   195851.9904     0                      8.3528   549329         
   1176  1062   261818.3071     0                      8.3528   566921         
   1188  1072   241398.9680     0                      8.3528   583675         
   1197  1079   276142.1494     0                      8.3528   601301         
   1199  1079   275989.7725     0                      8.3528   609962         
   1200  1080      570.4033    18                      8.3528   611581         
   1202  1080       38.3658    59                      8.3548   623750         
   1360  1238       66.9945    35                      8.3548   641151         
   1440  1318       45.4704    37                      8.3610   656573         
Elapsed time = 313.12 sec. (326790.83 ticks, tree = 29.68 MB, solutions = 0)
   1463  1339   201940.6126     0                      8.3610   669414         
   1494  1368   200868.2064     0                      8.3610   683891         
   1504  1374   214087.2135     0                      8.3610   700129         
   1514  1382   147252.0666     0                      8.3610   706154         
   1518  1384   221103.5461     0                      8.3610   717711         
   1521  1385   231463.8176     0                      8.3610   724501         
   1526  1386   232159.3831     0                      8.3610   738817         
   1530  1386   238490.5835     0                      8.3610   755072         
   1534  1386   242093.7302     0                      8.3610   772529         
   1539  1387   246872.5200     0                      8.3610   795328         
Elapsed time = 378.99 sec. (391267.53 ticks, tree = 29.84 MB, solutions = 0)
   1541  1387   248910.2972     0                      8.3610   802757         
   1543  1387   250192.5446     0                      8.3610   831590         
   1545  1387   250201.4156     0                      8.3610   842697         
   1547  1387   251487.9126     0                      8.3610   860670         
   1549  1387   238852.8492     0                      8.3610   876818         
   1551  1387   251656.8788     0                      8.3610   885788         
   1553  1387   251663.1995     0                      8.3610   903743         
   1556  1388    83234.8748    32                      8.3610   911261         
   1557  1387   251555.8998     0                      8.3610   918365         
   1559  1387   251728.5181     0                      8.3610   926555         
Elapsed time = 442.40 sec. (448677.26 ticks, tree = 29.84 MB, solutions = 0)
   1561  1387   251734.8751     0                      8.3610   943991         
   1563  1387   251737.0112     0                      8.3610   963034         
   1566  1388   251737.0112     0                      8.3610   969225         
   1569  1389   251811.0424     0                      8.3610   976832         
   1571  1389   251655.4926     0                      8.3610   984085         
   1575  1391    87129.3846    31                      8.3610   994335         
   1576  1390   251865.3042     0                      8.3610  1003504         
   1580  1390   251519.7000     0                      8.3610  1027058         
   1582  1390   256824.1289     0                      8.3610  1034070         
   1584  1390  1162654.6701     0                      8.3610  1162262         
Elapsed time = 623.97 sec. (581043.10 ticks, tree = 29.85 MB, solutions = 0)
   1586  1390  1170427.2394     0                      8.3610  1295167         
   1588  1390  1101544.2807     0                      8.3610  1365649         
   1590  1390   895895.4797     0                      8.3610  1496334         
   1592  1390  1171173.1229     0                      8.3610  1616762         
   1594  1390  1135087.0572     0                      8.3610  1818962         
   1595  1389  1171174.8595     0                      8.3610  2024613         
   1598  1390  1172666.5804     0                      8.3610  2056689         
   1600  1390  1174029.1258     0                      8.3610  2238598         
   1610  1400       36.8519    43                      8.3644  2244499         
   1620  1410       38.6109    55                      8.3644  2245328         
Elapsed time = 1748.30 sec. (1382824.97 ticks, tree = 29.89 MB, solutions = 0)
   1630  1420       39.5493    45                      8.3644  2246025         
   1650  1440       41.9737    29                      8.3644  2247334         
   1746  1536       87.9232    42                      8.3644  2270072         
   1810  1600       35.7720    48                      8.3750  2287412         
   1928  1716   560559.6821     0                      8.3750  2316149         
   1949  1735   384049.7121     0                      8.3750  2336082         
   1951  1735   412995.0513     0                      8.3750  2344063         
   1953  1735   427015.6261     0                      8.3750  2352099         
   1957  1737   441124.7042     0                      8.3750  2371474         
   1959  1737   434715.9456     0                      8.3750  2380781         
Elapsed time = 1820.84 sec. (1444971.14 ticks, tree = 30.68 MB, solutions = 0)
   1961  1737   360267.4354     0                      8.3750  2387990         
   1963  1737   449716.2985     0                      8.3750  2398731         
   1967  1739   454884.6133     0                      8.3750  2406852         
   1969  1739   463034.9428     0                      8.3750  2415474         
   1972  1740   469436.8974     0                      8.3750  2423127         
   1974  1740   454497.0985     0                      8.3750  2428525         
   1976  1740   478687.0550     0                      8.3750  2435631         
   1979  1741   480259.1977     0                      8.3750  2441893         
   1985  1745   483480.3904     0                      8.3750  2450987         
   1987  1745   488956.1412     0                      8.3750  2456995         
Elapsed time = 1872.98 sec. (1494606.06 ticks, tree = 30.70 MB, solutions = 0)
   1989  1745   490298.3560     0                      8.3750  2464060         
   1992  1745   468827.9790     0                      8.3750  2469704         
   1995  1744   497638.7140     0                      8.3750  2471459         
   1997  1744   500781.6970     0                      8.3750  2473530         
   2008  1753       39.4320    42                      8.4344  2478267         
   2137  1882       73.9493    45                      8.4344  2498166         
   2170  1915      106.7187    62                      8.4344  2507164         
   2317  2062       67.7849    34                      8.4574  2529393         
   2332  2075   399512.6718     0                      8.4574  2552811         
   2358  2099   430742.3220     0                      8.4574  2597126         
Elapsed time = 1946.90 sec. (1558441.37 ticks, tree = 31.66 MB, solutions = 0)
   2360  2099   456456.3383     0                      8.4574  2606900         
   2369  2106   466312.9584     0                      8.4574  2629052         
   2382  2117   456784.8671     0                      8.4574  2645604         
   2385  2118   473772.8301     0                      8.4574  2654860         
   2388  2119   474137.9494     0                      8.4574  2736255         
   2395  2124   474170.1202     0                      8.4574  2748057         
   2399  2126   474241.9693     0                      8.4574  2810825         
   2400  2127      181.6477    47                      8.4574  2810956         
   2450  2177       44.1202    47                      8.4574  2819286         
   2574  2301       82.8321    34                      8.4574  2838641         
Elapsed time = 2111.83 sec. (1674875.55 ticks, tree = 32.16 MB, solutions = 0)
   2687  2414       65.7683    27                      8.4678  2859467         
   2730  2455   584438.8566     0                      8.4678  2876018         
   2743  2466   493854.7103     0                      8.4678  2892768         
   2800  2523      130.8066    26                      8.4678  2908987         
   2902  2625       75.0587    36                      8.4690  2930862         
   2915  2636   528611.4451     0                      8.4690  2955472         
   2959  2678   766287.7817     0                      8.4690  2987272         
   2965  2682   805129.6120     0                      8.4690  3012107         
   2992  2707   642029.5376     0                      8.4690  3037955         
   2997  2710   809603.3710     0                      8.4690  3066470         
Elapsed time = 2396.55 sec. (1884235.36 ticks, tree = 33.19 MB, solutions = 0)
   3000  2713      170.8128    48                      8.4690  3066797         
   3096  2809      395.5195    28                      8.4804  3089471         
   3104  2815   418889.6298     0                      8.4804  3099812         
   3136  2845   663463.5592     0                      8.4804  3121097         
   3143  2850   739675.8906     0                      8.4804  3217602         
   3178  2885   576435.8224    11                      8.4804  3323909         
   3185  2890   738693.3212     0                      8.4804  3431090         
   3192  2895   722279.6409     0                      8.4804  3467741         
   3198  2901   565024.3140     5                      8.4804  3498942         
   3200  2903      122.0288    57                      8.4804  3499426         
Elapsed time = 2755.61 sec. (2121327.79 ticks, tree = 33.68 MB, solutions = 0)
   3201  2904   479481.8877     2                      8.4804  3569705         
   3280  2983       52.5210    30                      8.4846  3581717         
   3352  3055   279578.6589    31                      8.4846  3602752         
   3358  3061   299350.5202    14                      8.4846  3612556         
   3361  3062   832877.8673     0                      8.4846  3647861         
   3370  3071   325014.4920     5                      8.4846  3657603         
   3371  3072   326962.5589     8                      8.4846  3668226         
   3372  3071   856424.6195     0                      8.4846  3826608         
   3374  3073   327262.4197     5                      8.4846  3895738         
   3377  3076   331038.9338     4                      8.4846  3965733         
Elapsed time = 2977.42 sec. (2260596.64 ticks, tree = 34.12 MB, solutions = 0)
   3378  3075   844756.5524     0                      8.4846  4075248         
   3380  3077   402298.1956     3                      8.4846  4082091         
   3381  3078   401594.0094     7                      8.4846  4161295         
   3382  3077   862351.9255     0                      8.4846  4296939         
   3383  3078   413677.4406     9                      8.4846  4307813         
   3387  3082   415675.9565     2                      8.4846  4314295         
   3388  3083   417011.3092     6                      8.4846  4329992         
   3389  3082   870466.6911     0                      8.4846  4546949         
   3390  3083   462583.9605     2                      8.4846  4547748         
   3393  3086   494712.7159     1                      8.4846  4555169         
Elapsed time = 3364.31 sec. (2522385.53 ticks, tree = 34.14 MB, solutions = 0)

Cover cuts applied:  1
Mixed integer rounding cuts applied:  1
Zero-half cuts applied:  1
Cone linearizations applied:  10402

Root node processing (before b&c):
  Real time             =    6.02 sec. (8059.13 ticks)
Sequential b&c:
  Real time             = 3593.98 sec. (2659300.20 ticks)
                          ------------
Total (root+branch&cut) = 3600.01 sec. (2667359.33 ticks)
CPLEX Error  1217: No solution exists.
CPLEX Error  1217: No solution exists.
#SOLVERNAME# CPLEX_MISOCP
#SOLVER# CPLEX.CplexSolver(Any[(:CPX_PARAM_THREADS, 1), (:CPX_PARAM_TILIM, 3600.0), (:CPX_PARAM_SCRIND, 1), (:CPX_PARAM_EPINT, 1.0e-9), (:CPX_PARAM_EPRHS, 1.0e-8), (:CPX_PARAM_EPGAP, 1.0e-5)])
#INSTANCE# achtziger_stolpe06-6.2flowc.cbf.gz
#TIMELIMIT# 3600.0
#STATUS# UserLimit
#OBJVAL# NaN
#OBJBOUND# 8.484570417637926
#NODECOUNT# 3395
#TIMESOLVER# 3600.0078840255737
#TIMEALL# 3600.10466504097
#SOLUTION# []
