
Cone linearizations applied:  141

Root node processing (before b&c):
  Real time             =    0.02 sec. (10.67 ticks)
Sequential b&c:
  Real time             =    0.01 sec. (10.37 ticks)
                          ------------
Total (root+branch&cut) =    0.03 sec. (21.05 ticks)
Tried aggregator 2 times.
MIQCP Presolve eliminated 4011 rows and 4001 columns.
Aggregator did 1000 substitutions.
Reduced MIQCP has 3100 rows, 4010 columns, and 8000 nonzeros.
Reduced MIQCP has 10 binaries, 0 generals, 0 SOSs, and 0 indicators.
Reduced MIQCP has 1000 quadratic constraints.
Presolve time = 0.01 sec. (9.18 ticks)
Probing time = 0.00 sec. (0.16 ticks)
MIP emphasis: balance optimality and feasibility.
MIP search method: dynamic search.
Parallel mode: none, using 1 thread.
Root relaxation solution time = 0.01 sec. (16.94 ticks)

        Nodes                                         Cuts/
   Node  Left     Objective  IInf  Best Integer    Best Bound    ItCnt     Gap

      0     0        3.0000     0                     -0.0000      754         
      0     0        7.0000     2                   Cone: 100      791         
      0     0       32.0000     3                   Cone: 300      854         
      0     0       45.0000     4                   Cone: 600     1011         
      0     0       54.0000     5                  Cone: 1000     1164         
      0     0       61.0000     6                  Cone: 1500     1341         
      0     0       69.0000     7                  Cone: 2100     1669         
      0     0      396.9188     7                  Cone: 3800     5822         
      0     0      409.6374     2                  Cone: 4575     6353         
      0     0      416.3441     2                  Cone: 4911     6934         
      0     0      438.3822     2                  Cone: 5190     7670         
      0     0      451.2907     2                  Cone: 5468     8315         
      0     0      459.2416     5                  Cone: 5735     9469         
      0     0      466.4621     5                  Cone: 5995    10024         
      0     0      486.6342     4                  Cone: 6342    10779         
      0     0      499.5696     4                  Cone: 6653    11435         
      0     0      508.2698     5                  Cone: 7002    11988         
      0     0      517.9265     4                  Cone: 7359    12615         
      0     0      520.2737     5                  Cone: 7708    13114         
      0     0      520.8751     4                  Cone: 8013    13457         
      0     0      521.1103     4                  Cone: 8225    13706         
      0     0      521.2073     4                  Cone: 8353    13862         
      0     0      521.2210     4                  Cone: 8404    13926         
      0     0      521.2252     4                  Cone: 8418    13944         
      0     0      521.2258     4                  Cone: 8422    13954         
      0     0      521.2258     4                    521.2258    13954         
*     0+    0                          644.9733      521.2258            19.19%
*     0+    0                          568.6208      521.2258             8.34%
*     0+    0                          550.7079      521.2258             5.35%
*     0+    0                          540.2876      521.2258             3.53%
      0     2      532.0950     4      540.2876      532.0952    13954    1.52%
Elapsed time = 3.88 sec. (4464.86 ticks, tree = 0.01 MB, solutions = 4)
      3     5      535.1839     2      540.2876      533.8586    15639    1.19%
      8     4      535.3783     1      540.2876      535.3794    18052    0.91%
*    10+    2                          540.2875      535.3806             0.91%
     10     3      540.2487     0      540.2875      535.7729    20400    0.84%
#SOLVERNAME# CPLEX_MISOCP
#SOLVER# CPLEX.CplexSolver(Any[(:CPX_PARAM_THREADS, 1), (:CPX_PARAM_TILIM, 3600.0), (:CPX_PARAM_SCRIND, 1), (:CPX_PARAM_EPINT, 1.0e-9), (:CPX_PARAM_EPRHS, 1.0e-8), (:CPX_PARAM_EPGAP, 1.0e-5)])
#INSTANCE# uflquad-nopsc-10-100.cbf.gz
#TIMELIMIT# 3600.0
#STATUS# Optimal
#OBJVAL# 540.2875242031259
#OBJBOUND# 540.2875242031259
#NODECOUNT# 14
#TIMESOLVER# 5.301161050796509
#TIMEALL# 5.9076759815216064
#SOLUTION# [-0.0,-0.0,-0.0,-0.0,-0.0,-0.0,-0.0,-0.0,-0.0,-0.0,-0.0,-0.0,-0.0,-0.0,-0.0,-0.0,-0.0,-0.0,-0.0,-0.0,-0.0,-0.0,-0.0,-0.0,-0.0,-0.0,-0.0,-0.0,-0.0,-0.0,-0.0,-0.0,-0.0,-0.0,-0.0,-0.0,-0.0,-0.0,-0.0,-0.0,-0.0,-0.0,-0.0,-0.0,-0.0,-0.0,-0.0,-0.0,-0.0,-0.0,-0.0,-0.0,-0.0,-0.0,-0.0,-0.0,-0.0,-0.0,-0.0,-0.0,-0.0,-0.0,-0.0,-0.0,-0.0,-0.0,-0.0,-0.0,-0.0,-0.0,-0.0,-0.0,-0.0,-0.0,-0.0,-0.0,-0.0,-0.0,-0.0,-0.0,-0.0,-0.0,-0.0,-0.0,-0.0,-0.0,-0.0,-0.0,-0.0,-0.0,-0.0,-0.0,-0.0,-0.0,-0.0,-0.0,-0.0,-0.0,-0.0,-0.0,-0.0,-0.0,-0.0,-0.0,-0.0,-0.0,-0.0,-0.0,-0.0,-0.0,-0.0,-0.0,-0.0,-0.0,-0.0,-0.0,-0.0,-0.0,-0.0,-0.0,-0.0,-0.0,-0.0,-0.0,-0.0,-0.0,-0.0,-0.0,-0.0,-0.0,-0.0,-0.0,-0.0,-0.0,-0.0,-0.0,-0.0,-0.0,-0.0,-0.0,-0.0,-0.0,-0.0,-0.0,-0.0,-0.0,-0.0,-0.0,-0.0,-0.0,-0.0,-0.0,-0.0,-0.0,-0.0,-0.0,-0.0,-0.0,-0.0,-0.0,-0.0,-0.0,-0.0,-0.0,-0.0,-0.0,-0.0,-0.0,-0.0,-0.0,-0.0,-0.0,-0.0,-0.0,-0.0,-0.0,-0.0,-0.0,-0.0,-0.0,-0.0,-0.0,-0.0,-0.0,-0.0,-0.0,-0.0,-0.0,-0.0,-0.0,-0.0,-0.0,-0.0,-0.0,-0.0,-0.0,-0.0,-0.0,-0.0,-0.0,0.07798682629424288,0.28301877657107083,0.3451885956774144,0.3968165030620464,0.10772543375803205,0.3971849939700343,0.13930880075375965,0.10591427952720314,0.23625130726725552,0.09960184387114153,0.05220209515721188,0.11959805468148199,0.1030763197912522,0.1581944477931301,0.2073453411571213,0.07498266238341418,0.12402537440883252,0.10573037409134844,0.09252487793690492,0.12569979598601397,0.16429993317945954,0.0705899690951981,0.13089905862092308,0.11969167070296409,0.13418586927462617,0.11833019082043875,0.1906247027759941,0.14932777072086104,0.08079261407362454,0.2134955322627264,0.28814679225863954,0.11100295820008618,0.10064241140357065,0.1810576064392336,0.122770580872802,0.1046412671912442,0.20896349766413594,0.2226587975880714,0.15558595221245064,0.11376717108780478,0.08719239382719576,0.11600336130691488,0.2609886046341328,0.13614660501883755,0.09358138240551074,0.3286956504489967,0.11528820981220264,0.09539103463806521,0.07640241998857196,0.08884523756815167,0.21634442191253175,0.18169175958902134,0.19426639897004874,0.2753613090099378,0.11025386655957334,0.5415220985975269,0.058073022756823106,0.12080505360453785,0.10961317587344095,0.1342643470248909,0.12375817320154844,0.20140100442399733,0.13108145845780797,0.5293577385106838,0.15913052926767624,0.3178769672277826,0.1023233820812835,0.33643633732247114,0.07756759779062804,0.12149692403039587,0.17077313872621575,0.5553687202253844,0.10866210782898081,0.08687181976766055,0.13227414109957686,0.17095559050146727,0.12715544436207948,0.07577237976012849,0.13549072659912526,0.403441621697341,0.16456065301680772,0.11214371828290944,0.1105535830872356,0.041678769387166574,0.40093156615872544,0.273200388470113,0.35234272398185584,0.13081794525047735,0.6417544475817464,0.07646535576297246,0.06584202667018911,0.14659787158415155,0.19876019425777475,0.2816393090204186,0.32694175370439643,0.08823237958038894,0.12941639066558625,0.3082682878088001,0.09889282625962396,0.08295774974474558,-0.0,-0.0,-0.0,-0.0,-0.0,-0.0,-0.0,-0.0,-0.0,-0.0,-0.0,-0.0,-0.0,-0.0,-0.0,-0.0,-0.0,-0.0,-0.0,-0.0,-0.0,-0.0,-0.0,-0.0,-0.0,-0.0,-0.0,-0.0,-0.0,-0.0,-0.0,-0.0,-0.0,-0.0,-0.0,-0.0,-0.0,-0.0,-0.0,-0.0,-0.0,-0.0,-0.0,-0.0,-0.0,-0.0,-0.0,-0.0,-0.0,-0.0,-0.0,-0.0,-0.0,-0.0,-0.0,-0.0,-0.0,-0.0,-0.0,-0.0,-0.0,-0.0,-0.0,-0.0,-0.0,-0.0,-0.0,-0.0,-0.0,-0.0,-0.0,-0.0,-0.0,-0.0,-0.0,-0.0,-0.0,-0.0,-0.0,-0.0,-0.0,-0.0,-0.0,-0.0,-0.0,-0.0,-0.0,-0.0,-0.0,-0.0,-0.0,-0.0,-0.0,-0.0,-0.0,-0.0,-0.0,-0.0,-0.0,-0.0,0.07665837689659216,0.155871874975729,0.13223730407974862,0.10075742798796208,0.3401011527155306,0.1271372145802505,0.09014835290048316,0.08222613057655177,0.16574577199343482,0.18462649027198788,0.6545166959806791,0.1822354084463092,0.07598914515113887,0.09498351260041907,0.1290040411315256,0.5465269875162204,0.1129140917968952,0.10702493039447683,0.370464632804218,0.2537189904341279,0.10632473283935868,0.5698898548090324,0.16584620210159828,0.11016307401476551,0.14799129738827307,0.33371755851455454,0.1098709800002639,0.15356565681682022,0.09290890654132794,0.1290202368428772,0.15289327803762892,0.1901599506228529,0.14573227955967366,0.17371791922017105,0.21674277668911204,0.2585959322859288,0.16557525633121506,0.1056137198341834,0.1541584068921463,0.16283545835432373,0.42284767157956193,0.18455677414164223,0.1528895593316818,0.09223921580485711,0.45378423409189445,0.14689751652953353,0.19946533198383468,0.34490384414384634,0.20425070516063099,0.4383897813045931,0.12405605861063652,0.15934850512624252,0.17690405949409993,0.15470092869007657,0.14823320548804858,0.08553358242934005,0.6052541992274711,0.2041361465496683,0.15138143476842608,0.08840572085515014,0.27162101909814784,0.10251626631024734,0.09594968352761084,0.08700522496604612,0.16970184287113863,0.10624493909005908,0.31178128300619573,0.10365576322274431,0.5012247936766736,0.08560340070117767,0.12018457221750034,0.08693706637800083,0.257018323806918,0.13534619405607407,0.10129330422157656,0.16081976659005973,0.1671466334683272,0.12340423794329428,0.17922667945286297,0.10391396685176427,0.1851037876644203,0.1806113383524068,0.21852385123693127,0.08125408207998794,0.1183177233206929,0.11635624046773907,0.13912776796777884,0.09796381141493138,0.06580137945347214,0.14183856317091675,0.07393794094756244,0.20622033667787074,0.16589909991920926,0.1190292560756084,0.10487781548667717,0.4652351480059151,0.17084580847973738,0.1511316342781417,0.1420608370735254,0.06593030771812858,0.1951466923938182,0.16290167392709282,0.16341648947068235,0.2052281973252851,0.20360241817522734,0.15646823190500242,0.3060908777919761,0.47894627442575843,0.15944175205203337,0.3377930238614612,0.09433749491232496,0.25887725772243564,0.23927020883906341,0.29577573582517913,0.2289109252404047,0.11856482638531016,0.22970734330526274,0.22860331855580393,0.18716084179290957,0.22783973806596902,0.2395154773174635,0.11149024488853211,0.12382606664701425,0.22823736931609115,0.12528375101068173,0.14711414487920133,0.24215945638764694,0.13327667502095744,0.2521684918416042,0.22789401818856406,0.16238373731254768,0.16009695912584565,0.10264096395636631,0.14706862079960928,0.24762780786263144,0.28149693705516354,0.15389300629171815,0.25978757071286374,0.15443634592538605,0.2660358303451024,0.18639536006589524,0.26524405247063737,0.16183179677695275,0.3987984809995567,0.14475043710884902,0.16475171544844366,0.26532794476672267,0.22713051715435117,0.10602913236298425,0.17250335567010203,0.22976008418669566,0.2499835263507057,0.15214822101642192,0.16196703109877203,0.2654561792464803,0.13777657159616846,0.09893561034017062,0.2954631110254955,0.2692195325695074,0.28018504827970653,0.14038911419696573,0.27811889140146645,0.22981372885545118,0.14047125531305363,0.13795441656081098,0.2246321522726652,0.2363009029399404,0.22810258058249624,0.11219818669295979,0.23878518729121614,0.23391279439235454,0.12432334641671913,0.1975282947037313,0.45987116506336917,0.4504432168588654,0.14224953145470692,0.34697328238652025,0.0928827983088612,0.12887915954998516,0.19746023793154996,0.14363060286197937,0.2739547178926421,0.3106127411388563,0.04920351088010447,0.1601100584777669,0.2230801318985416,0.1608401808046583,0.22844864902428869,0.1096582465335845,0.08587998623578053,0.6508039344978762,0.14089044760824695,0.1513346160694779,0.21759800065668236,0.23739399591186014,0.1534731293255015,0.12399071613807583,0.16369293207443691,0.10092437306449993,0.19621527136511846,-0.0,-0.0,-0.0,-0.0,-0.0,-0.0,-0.0,-0.0,-0.0,-0.0,-0.0,-0.0,-0.0,-0.0,-0.0,-0.0,-0.0,-0.0,-0.0,-0.0,-0.0,-0.0,-0.0,-0.0,-0.0,-0.0,-0.0,-0.0,-0.0,-0.0,-0.0,-0.0,-0.0,-0.0,-0.0,-0.0,-0.0,-0.0,-0.0,-0.0,-0.0,-0.0,-0.0,-0.0,-0.0,-0.0,-0.0,-0.0,-0.0,-0.0,-0.0,-0.0,-0.0,-0.0,-0.0,-0.0,-0.0,-0.0,-0.0,-0.0,-0.0,-0.0,-0.0,-0.0,-0.0,-0.0,-0.0,-0.0,-0.0,-0.0,-0.0,-0.0,-0.0,-0.0,-0.0,-0.0,-0.0,-0.0,-0.0,-0.0,-0.0,-0.0,-0.0,-0.0,-0.0,-0.0,-0.0,-0.0,-0.0,-0.0,-0.0,-0.0,-0.0,-0.0,-0.0,-0.0,-0.0,-0.0,-0.0,-0.0,0.5801948424726457,0.13424708589258413,0.12788999021407824,0.16388232110273143,0.17482567591998802,0.13736402933803019,0.36828552878201826,0.24491706509046673,0.1285185676855406,0.24427182553668655,0.06757864166167012,0.3010313370373696,0.5046576440018692,0.3482201042141339,0.3007501032488202,0.09441762627946589,0.4284569669898041,0.4625463359763313,0.12121215191774806,0.22412490652474137,0.38034346755875625,0.08817403939623895,0.09489019322186987,0.4398881809324321,0.09274243061477731,0.12056582730188091,0.34088432793529094,0.09954468625884308,0.49339413917071595,0.29456753602785113,0.1327014498682045,0.10428702268904608,0.07720327837935945,0.11579716719559212,0.25953632978618524,0.1605364186485443,0.12092054620303377,0.29335987733175856,0.10816075882568554,0.3300311622869208,0.13392206983600802,0.29673422720055115,0.12696290780381167,0.2713215763517558,0.11913825240828282,0.14274790076597133,0.2771032646238528,0.1497778603182414,0.07438498910314308,0.13514930103224843,0.29852973094076285,0.15109884226948203,0.12161691893988219,0.13093698834320452,0.3568189162737089,0.10912168660226937,0.07060125956236123,0.15605054333240354,0.349312838664152,0.4041832217616798,0.11261643695877961,0.303329811413474,0.4473767651228007,0.1315437709713926,0.10686537707841329,0.22501561754323826,0.18410353415136413,0.20420617621665235,0.08660181937423954,0.4669327409590375,0.3545127384445261,0.1014155473466821,0.12294777740094497,0.20478958842467615,0.19988480909019035,0.10839426489955863,0.16572986924742886,0.06442642059891716,0.10010721689370297,0.15028215848228513,0.11395743178560805,0.2991466172075498,0.16265349859407047,0.035902199579394216,0.12476306627027271,0.25620448289674586,0.13781350805119258,0.4457375363634892,0.08968018555652683,0.06415668402150972,0.13509624958581348,0.11251786769171349,0.11822049282532665,0.24731364510701753,0.19970297301648382,0.12440157745934348,0.09543658098667572,0.13799010724009,0.07569368313592585,0.5898988922439242,0.0700132617377748,0.2639605884268597,0.23126762035487172,0.13331555031604234,0.17374531924568873,0.18184553000523176,0.09616643956952982,0.08799625016722233,0.3100426007946566,0.13370681625027347,0.1313650720802519,0.1382579419142423,0.07700668200585138,0.10282619936465111,0.1339895890375964,0.16550789722634374,0.10489622329885219,0.09609504077978503,0.22863749534044084,0.16861656879187606,0.10951638890914904,0.1598558916099895,0.484538479196784,0.10201970483335066,0.4997966515097173,0.2802722782982016,0.11646053270513584,0.46428521096425995,0.08073584816933238,0.13502267647525212,0.26387474231751235,0.43445310915152013,0.5737810664874449,0.3823586861467579,0.15332250459656344,0.19472944461275118,0.35064769330116957,0.11858003431486393,0.42765853593574327,0.12733037772405878,0.16964250447613766,0.13746158467647346,0.2973271312555681,0.10149412161425196,0.1887456937767596,0.21690721660838877,0.1428152486168409,0.18279674352940053,0.5389327531748375,0.16511232420625033,0.13130970415102586,0.2578773664616826,0.355064401374478,0.27703374267078,0.11923783223099108,0.12604606056269693,0.16713590790913585,0.22354514528459368,0.12047301791625445,0.09296166186407528,0.3516152563462538,0.11463402624613328,0.09577836382165769,0.1116220100469668,0.42634783401293824,0.12623032367218293,0.16549089763440808,0.12759914245741313,0.22240760225397307,0.08718174681202445,0.12061675601889688,0.13195531943139285,0.31384349604321105,0.11312123248576102,0.11610452851789903,0.4175808463372717,0.19299477033109816,0.6435141631814009,0.4562962173067146,0.14490201482169565,0.39274752447019246,0.13414360805484327,0.19765632573864014,0.791961437890145,0.19587758557496598,0.13115875606565922,0.2098758190003501,0.09703205774428952,0.09310574066283274,0.6316594106004978,0.07431984808989922,0.39377347623851067,0.36578559671762845,0.13441978892721854,0.13108346167236953,0.16865776542275848,0.48031050351969146,0.2389170384182455,0.5824282802592038,0.06499777871913154,-0.0,-0.0,-0.0,-0.0,-0.0,-0.0,-0.0,-0.0,-0.0,-0.0,-0.0,-0.0,-0.0,-0.0,-0.0,-0.0,-0.0,-0.0,-0.0,-0.0,-0.0,-0.0,-0.0,-0.0,-0.0,-0.0,-0.0,-0.0,-0.0,-0.0,-0.0,-0.0,-0.0,-0.0,-0.0,-0.0,-0.0,-0.0,-0.0,-0.0,-0.0,-0.0,-0.0,-0.0,-0.0,-0.0,-0.0,-0.0,-0.0,-0.0,-0.0,-0.0,-0.0,-0.0,-0.0,-0.0,-0.0,-0.0,-0.0,-0.0,-0.0,-0.0,-0.0,-0.0,-0.0,-0.0,-0.0,-0.0,-0.0,-0.0,-0.0,-0.0,-0.0,-0.0,-0.0,-0.0,-0.0,-0.0,-0.0,-0.0,-0.0,-0.0,-0.0,-0.0,-0.0,-0.0,-0.0,-0.0,-0.0,-0.0,-0.0,-0.0,-0.0,-0.0,-0.0,-0.0,-0.0,-0.0,-0.0,-0.0,0.0,0.0,1.0,0.0,1.0,1.0,0.0,1.0,1.0,0.0,1.6994366754301444e-10,5.173996333261284e-10,8.181550830366439e-10,4.5694243815828034e-10,1.9276087918959053e-10,7.617247039975821e-10,2.382439455697256e-10,2.6962789568937207e-10,3.808292230479128e-10,2.1418180761265912e-10,1.918875937640706e-10,2.398743295788228e-10,2.3943517471812897e-10,2.642372972509731e-10,1.8783471410047016e-10,1.8811309149339482e-10,1.376448245476929e-10,2.2520165854317706e-10,2.283383892571355e-10,1.2339058315228636e-10,2.3368125688479055e-10,2.062154724957894e-10,2.761062541831472e-10,2.592926050708403e-10,3.372376470527541e-10,1.7844242101262384e-10,2.119764557451919e-10,3.601507913485558e-10,2.0651363305369345e-10,2.4485010958963757e-10,5.38931567286026e-10,2.6914556328606444e-10,2.7790887733496205e-10,3.348821943462367e-10,1.1940317634421306e-10,2.2866638157175455e-10,3.8080535764254085e-10,2.659667540942133e-10,3.408091363685221e-10,1.5872708402742342e-10,2.442168913010504e-10,1.6403274046380762e-10,5.214418363610098e-10,2.8050078596575725e-10,1.7498806059427367e-10,5.198546298945264e-10,1.600030981685957e-10,2.1622229977196457e-10,2.694069836804353e-10,1.923807598053432e-10,1.8794006730444785e-10,3.4558818379426377e-10,3.0563639613682576e-10,5.201260988806328e-10,1.842994939204978e-10,7.599261630861598e-10,1.9246177657621127e-10,2.3149568818230272e-10,1.511752533196462e-10,2.3145486577837695e-10,2.1090329754968155e-10,2.7261970686939403e-10,1.8194152906604649e-10,4.969193472950572e-10,2.8836239591563273e-10,3.536626982815368e-10,2.1471030073425209e-10,3.81415966599723e-10,1.8875541631824235e-10,2.2401262752421585e-10,2.0916332108696817e-10,1.5415748693567015e-9,2.847480430757427e-10,2.735906520458441e-10,2.89809079107064e-10,3.703983137986472e-10,2.8031692813884537e-10,2.843975984389645e-10,2.7690339012442094e-10,5.137158823995645e-10,2.6509943502003634e-10,1.7230241744369506e-10,2.6128725053035216e-10,2.5968450014852774e-10,9.194616877205596e-10,2.7645748386615475e-10,6.927960749689058e-10,2.194717631244565e-10,7.265125544451729e-10,2.6156358680308046e-10,2.3405211272353164e-10,2.2878413850615583e-10,3.6697692532192935e-10,2.3664182322488466e-10,3.608267161520192e-10,1.78640252662418e-10,2.882791810153225e-10,5.299986832515905e-10,2.9270291651766404e-10,1.5443068302348114e-10,2.2701401626823574e-10,8.703762012032204e-10,9.894744655919572e-10,3.426145856867626e-10,1.8050646455880952e-10,7.603802338252112e-10,2.567930178766157e-10,2.1622638201235715e-10,5.736185209110055e-10,1.9353524879021335e-10,1.8554928751761008e-10,1.779709222472811e-10,2.0675778243101876e-10,2.2307559634487337e-10,1.7536503979360364e-10,1.428645969265871e-10,1.8001282748979935e-10,1.6933965297415878e-10,2.5396904958042707e-10,1.0927121269908079e-10,2.4782480676185984e-10,1.9838856158925078e-10,3.4174836567730675e-10,2.124992965339336e-10,3.894771353010972e-10,2.164439968271307e-10,2.1962092190803146e-10,4.0345127220187456e-10,1.4400087283893656e-10,1.547828547619639e-10,1.0053237639161404e-9,2.859034741160881e-10,3.2438675429691915e-10,4.014326043277448e-10,1.6175061107511075e-10,2.220109166486399e-10,5.039106549950844e-10,2.5140571663237994e-10,4.0713941938732273e-10,1.610092134161203e-10,1.8768948054804193e-10,1.7443711515052153e-10,7.517890019097853e-10,2.6029620817043095e-10,1.4259658214388978e-10,7.109361381903087e-10,2.0244630853947313e-10,2.606339350582938e-10,2.5780117424433654e-10,1.6155215138833313e-10,1.9109485408168117e-10,3.272162179167132e-10,4.09838565333046e-10,8.871818428439881e-10,1.611863198454598e-10,5.416125001592286e-10,2.0017721091818333e-10,2.3436880037244817e-10,1.5928195470232224e-10,2.2788620262903458e-10,1.7828651083147652e-10,2.656001375051106e-10,1.5841165245247384e-10,3.4654719626802784e-10,3.7676676582031444e-10,2.8856744999073685e-10,1.8272265006424167e-10,2.786020731554709e-10,2.0629225001701902e-10,1.9285712585730783e-10,2.1985973297099726e-10,8.051435698222857e-10,2.347957085119643e-10,2.367672736123335e-10,2.582125384685117e-10,4.171010280006878e-10,2.8747953292611486e-10,2.9343395156642723e-10,3.1907717262938823e-10,3.838704921403833e-10,3.552899421057167e-10,1.680322369838128e-10,2.1286701218775732e-10,2.750371782280294e-10,8.170977827749663e-10,1.9770965361011592e-10,1.1251679792319978e-9,1.9667731781853134e-10,4.750603630760159e-10,2.740481769883045e-10,1.9486762925065241e-10,2.7092950233762095e-10,4.891309036537564e-10,2.0706363644197037e-10,3.10758351755544e-10,1.7087693050045606e-10,3.332651561230383e-10,9.41652275466875e-10,3.0888742958177643e-10,2.2676641268750132e-10,0.006081945222738377,0.08009962803576305,0.11915516677883131,0.15746333735391918,0.011604769257939932,0.157755919609114,0.01940694213588527,0.01121783476792932,0.0558146803213105,0.00992052742592195,0.002725058895114933,0.014303694839874035,0.010624727855856655,0.025025483477164084,0.04299209066085026,0.005622399772725677,0.015382293634547295,0.011178912158512855,0.00856085319119247,0.015800438837520636,0.02699446821569813,0.00498294388946749,0.01713456366575889,0.01432609617921761,0.018005847658147247,0.014002034213820099,0.03633777749062492,0.022298783232355113,0.006527446631000114,0.045580342394080216,0.08302857402820374,0.012321656879471083,0.010128895130347986,0.032781857013637554,0.015072615705222406,0.010949794955782844,0.04366574350836476,0.049576940311859316,0.024206988698276588,0.012942969361091869,0.007602513651622923,0.01345677993595477,0.06811505191451772,0.01853589823363837,0.008757475216064247,0.10804083078273981,0.013291371428604065,0.009099449587483698,0.005837329945659277,0.007893476329889921,0.0468049090095883,0.033011895684963634,0.03773943391514074,0.07582385067140822,0.012155915240059266,0.29324618358056886,0.003372476125603781,0.014593861134813374,0.012015048458358749,0.018026915034083418,0.015316085559454575,0.04056236473677763,0.0171823488733225,0.28021961556032815,0.025322525492926806,0.10104576648894753,0.010470074688898224,0.11318940928852886,0.006016732321989327,0.014761502719978843,0.029163465036355515,0.30843441569787544,0.011807453842713613,0.007546713218150217,0.01749644855834447,0.029225814058258415,0.01616850721273015,0.005741453672107262,0.0183577371348574,0.16276514237372583,0.027080208668923633,0.012576213719323043,0.012222094870830551,0.001737120333271598,0.1607461209755062,0.074638452426169,0.1241453953021601,0.01711333496947036,0.411848771400087,0.005846950764374617,0.004335172601268806,0.021490936083620557,0.03950561497414666,0.07932070054311381,0.10689091052219142,0.007784952953283228,0.01674860229223071,0.09502933742684606,0.009779791226897908,0.006881988392727336,2.3734443960014566e-10,1.1269842621882032e-9,1.4633814387478239e-9,3.491774151548149e-10,1.8335288517715735e-10,4.44711103886642e-10,2.2762274111446746e-10,2.379674522877514e-10,9.635054503438192e-10,2.0485121915843906e-10,1.9859738388625572e-10,1.1559177690075819e-10,1.814350172388751e-10,2.34745936581024e-10,2.2069659225147572e-10,2.123279994466912e-10,2.0064792463729672e-10,2.1099185076435132e-10,2.5388206645821597e-10,1.6212303700631055e-10,1.9164454345146635e-10,2.0989325707101027e-10,4.514139856020089e-10,1.3630898988384473e-10,5.542197145654758e-10,2.403872787850748e-10,1.885491061691713e-10,5.997608743665822e-10,1.8621280859064983e-10,1.9489369278546656e-10,1.5830389700703438e-9,3.568396233624376e-10,4.3223138098803985e-10,5.94050762112841e-10,1.4936477970553793e-10,2.4678854573912854e-10,8.955801103962417e-10,2.4844546431077757e-10,5.300231766939459e-10,1.9147418841969916e-10,1.959789406929088e-10,1.1192953624087829e-10,2.8214786005769027e-9,2.5931317328204904e-10,2.4075358135568574e-10,4.99900638855606e-10,1.766537716836913e-10,1.954143354447661e-10,3.119497379131932e-10,2.001867884821813e-10,1.8756371614210135e-10,3.9359847099589627e-10,5.905690820857097e-10,2.0202665422711613e-9,1.8349482153542234e-10,4.950638120273848e-10,2.2295124502214562e-10,2.7979926865521733e-10,2.0995825889879978e-10,2.4714448569951217e-10,2.811371444392618e-10,2.492543759454914e-10,1.8738237046312337e-10,2.867981127990461e-10,5.444997431815021e-10,2.5636830786654174e-10,2.1476760910899406e-10,2.8937337844977923e-10,2.5038499952498963e-10,2.1000253550613465e-10,2.2006337396288855e-10,6.244749147124941e-10,2.927826772145652e-10,2.0011817544173682e-10,2.798882928976247e-10,6.824052030773365e-10,3.196334563874999e-10,4.0819483553804996e-10,4.1575216156943257e-10,3.89378376485446e-10,4.58325375595889e-10,2.0256594958482482e-10,2.824467585590499e-10,3.5833984670670993e-10,8.626579406948227e-10,2.292435475595667e-10,6.286813494185538e-10,2.13239595128203e-10,4.412807658829097e-10,3.671172915877357e-10,2.2521406227360069e-10,3.4723850797758627e-10,8.083975864429078e-10,1.6904855783231881e-10,2.768729303307225e-10,1.9996587647324448e-10,4.1904417442755485e-10,7.523173380221325e-10,4.1573127933973206e-10,1.8944029064872021e-10,0.005876506887890152,0.02429604153170902,0.01748670473297252,0.010152059433301034,0.11566879426923787,0.016163871451313212,0.008126725697731344,0.006761136696682805,0.027471661091001923,0.03408694107340444,0.4283921060179885,0.03320974424226656,0.005774350340308874,0.009021867814530826,0.016642042781927845,0.2986917483597128,0.012749592290154151,0.01145433585657234,0.1372440444247369,0.06437332626094766,0.011304948948239772,0.32477444691707447,0.027504962867187528,0.012135902986509366,0.02190142427213076,0.11136740903729977,0.012071632405814475,0.023582411134167355,0.008632065093931537,0.01664622167234693,0.023376354612349947,0.03616080701378483,0.02123789746332736,0.030177915606236467,0.046977431401126264,0.06687185639298948,0.027415165660055873,0.01115425790958764,0.0237648145891893,0.02651538664162653,0.1788001536133029,0.03406120300632388,0.02337521748705055,0.00850807308329052,0.20592013131452463,0.021578880482910675,0.039786418780689614,0.11895866193620869,0.041718350766216175,0.19218560058637046,0.015389905857399269,0.025391946254913443,0.03129504638618182,0.023932377448286465,0.021973083333741265,0.007315993845860487,0.36633264613420635,0.041671566525254944,0.022916338917626733,0.007815571603849563,0.07377797818023285,0.010509585022757268,0.009206341885247866,0.007569909344302922,0.028798715582247267,0.011287987243495248,0.09720756863114956,0.010744517373595556,0.25122629407609304,0.007327942345335892,0.014444331540328812,0.007558053679070101,0.0660584189788092,0.018318592422144755,0.010260333640759853,0.02586299746385492,0.02793799724745269,0.01522860612270335,0.032122202802029334,0.010798112590842965,0.03426341234916601,0.03262045567816568,0.047752673762276855,0.006602226018856003,0.01399908379618005,0.013538774795825157,0.019356535958017403,0.009596908450847657,0.004329821712605741,0.020118178194228568,0.00546681927011499,0.04252682739877896,0.0275225115217254,0.01416796395121017,0.010999356352831271,0.21644374316575518,0.02918829042449643,0.022840771041215527,0.020181281584400877,0.004346805650476997,0.03808223175583311,0.02653695553413365,0.026704949169508364,0.04211861315185938,0.04145394484112307,0.024482307734958953,0.09369162569172912,0.2293895341454418,0.025421672422742115,0.11410412719761683,0.008899563104037547,0.06701743473863168,0.05725023305404302,0.08748328611335462,0.052400211829853466,0.014057618184275563,0.05276546372143004,0.05225947743939459,0.035029180877071964,0.05191094639419996,0.05736766404253151,0.012430074872139553,0.015332894961179767,0.05209229691341077,0.01569601842968899,0.021642571790689645,0.05864120246611449,0.01776267222931142,0.0635889484967527,0.051935683689633694,0.02636847829293701,0.025631036482351512,0.01053516764404952,0.021629179405452618,0.061319531368062175,0.07924052579069851,0.023683057527687474,0.0674895820459933,0.023850585115916766,0.07077506318310435,0.034743230417599434,0.07035440754639893,0.026189530599454565,0.1590402287381012,0.02095268919941644,0.027143127910903824,0.07039891844505249,0.051588272015884076,0.011242177084955854,0.02975740786549853,0.05278969644317663,0.06249176364749871,0.023149081301051946,0.026233319289963083,0.0704669832744234,0.018982383855521902,0.009788255167651997,0.08729845020136003,0.0724791568803043,0.07850366148805503,0.019709103528810792,0.07735011794872598,0.05281435013903505,0.019732173718774525,0.019031421208970653,0.050459603997209446,0.055838116915890336,0.05203078745323981,0.012588433243440224,0.05701836586108596,0.05471519554168177,0.015456294608728289,0.039017427384027616,0.2114814887769139,0.20289909192937808,0.020234929353041213,0.12039045895086826,0.008627214410822578,0.016609837890894725,0.03899054573154024,0.02062975021029103,0.07505118760568882,0.09648027518769912,0.0024209857143752986,0.0256352309885665,0.04976474539785442,0.025869563914660526,0.05218878540989431,0.01202493120258463,0.007375372185690163,0.4235457618706776,0.019850118392328118,0.02290216614334349,0.04734889005372482,0.05635590947269953,0.023554001546187635,0.015373697803959805,0.026795376190930784,0.01018572923105759,0.038500432917043935,3.687911671579385e-10,2.229057123408438e-10,3.8164598514492015e-10,6.532074496971613e-10,2.300455507874624e-10,2.5012122399193074e-10,5.603768321422041e-10,9.249287496616965e-10,2.689584082649893e-10,3.8943756897113836e-10,3.313143162431237e-10,2.6300163448598895e-10,4.3580679553495457e-10,5.400326731273009e-10,2.038311300880322e-10,2.367393259665689e-10,2.342965761193487e-10,2.863253579597364e-10,4.260172690550612e-10,2.0955631522937674e-10,3.0889669312728263e-10,2.7414426664677595e-10,3.034051377437903e-10,2.635734621594416e-10,3.813911591388758e-10,2.1263369644839694e-10,3.124407058250237e-10,3.6741984840452407e-10,3.5674039351904877e-10,2.0354364615884722e-10,2.8645834479098695e-10,5.270957393047301e-10,3.112150916517751e-10,2.6504934907060435e-10,2.1596794479365778e-10,5.334183446266038e-10,2.958559761931928e-10,4.612821737140823e-10,5.029145883392954e-10,2.683661693895738e-10,3.265261622811217e-10,2.2008771039599816e-10,3.5117959705812843e-10,8.70449524521041e-10,2.1147402615841308e-10,2.3456333482807907e-10,2.748040194979149e-10,4.214759336275643e-10,3.843963161047965e-10,2.8605545906608867e-10,2.4645600015637933e-10,1.069978287253788e-9,2.829620629039899e-10,2.9026911619745836e-10,2.820113719202569e-10,5.048120450756147e-10,3.52950347333032e-10,7.5807471005888e-10,3.0893092114288195e-10,4.988420825199614e-10,2.2894946924205524e-10,5.022336392399642e-10,3.40141219036598e-10,3.0989794108818526e-10,2.8380049227692703e-10,4.25041770610481e-10,3.0353545541786103e-10,5.332980755442686e-10,2.590986986521928e-10,3.938272334671265e-10,2.500979866235422e-10,3.826181863953371e-10,5.228031065226886e-10,5.579477420993746e-10,1.9541832347961116e-9,3.3414220977045905e-10,1.0728258069368568e-9,4.236030948905891e-10,2.533829340656004e-10,7.198417026159631e-10,2.434070376108613e-10,2.9675391207031404e-10,6.444380122876748e-10,3.251347463442361e-10,4.29703532129559e-10,3.0181353501842255e-10,2.3337948511423153e-10,2.89020578674313e-10,4.825402835491854e-10,2.9543707552521597e-10,9.77030383792167e-10,2.420685337898334e-10,2.858866741267802e-10,2.861372608831861e-10,6.381724013220514e-10,2.4983107090556597e-10,2.74779997083297e-10,2.5180970142199925e-10,3.212272572423098e-10,4.0233305235279995e-10,0.336626055592286,0.01802228017387521,0.01635584977283217,0.02685741531737931,0.03056401711567418,0.01886887666963165,0.13563423097073363,0.059984368998650325,0.01651702236650637,0.05966872494456562,0.004566872983371026,0.09061986604720601,0.2546793379814001,0.12125724121749992,0.09045062475910487,0.008914688295272932,0.18357537276423622,0.21394911316363446,0.014692385940074085,0.050231973856211226,0.14466115352416128,0.007774661365597772,0.009004148877258922,0.1935016119436572,0.008601158604211233,0.014536118829059533,0.11620212522098801,0.009909144653831917,0.24343777689265134,0.08677003342902752,0.017609674926280187,0.010875783265746883,0.005960346275774289,0.013408984063043557,0.06735910666032721,0.02577194188082461,0.014621778657529042,0.08606001780748293,0.011698749900393038,0.10892056826920363,0.017935120941533506,0.08805120176411124,0.016119580120032628,0.0736153980155126,0.014193923308192972,0.02037696329266448,0.07678621942893524,0.02243340760614434,0.00553312674535887,0.01826533374370535,0.08912000040443119,0.022830860285118777,0.014790675120615266,0.017144495082789285,0.1273197392006156,0.011907542626768523,0.004984537992816784,0.02435177225929523,0.12201945944815479,0.16336407701759145,0.012682462038252231,0.09200897469185663,0.20014597021102778,0.017303763871795472,0.01142020891899047,0.05063202831357733,0.03389411144259239,0.04170016256607741,0.007499875238844941,0.21802618486390288,0.1256792818968444,0.010285113416508541,0.015116156101599349,0.04193877573109533,0.039953937107903445,0.01174931676618662,0.02746638972329363,0.004150763819861287,0.01002145503982606,0.022584727306045094,0.012986296395744983,0.08948869874547837,0.026456160785238023,0.001288968118455123,0.015565822875824191,0.06564073720885254,0.01899256315547933,0.1986819515556275,0.00804253580668853,0.004116080225518051,0.01825099684095248,0.012660270656120463,0.013976085037880935,0.06116403919329241,0.03988127759962449,0.015475752648696876,0.009108141138183434,0.019041269859459482,0.00572953380477513,0.34798070347179233,0.004901856964307376,0.06967519237884975,0.0534847124067233,0.017773036112571895,0.030187436118625552,0.03306779694687031,0.00924798425303381,0.007743340216913655,0.0961264144750395,0.017877512855574533,0.017256782334452984,0.01911525863855383,0.005930029217220668,0.010573227437436133,0.017953210151169532,0.0273928641933327,0.011003217766576914,0.00923425702458375,0.052275104479353664,0.028431547414331678,0.011993839560652407,0.02555390625268748,0.23477753807128562,0.010408020324528268,0.2497966931351264,0.07855255015226688,0.013563055874996191,0.21556075737337055,0.006518277292080488,0.01823112326021565,0.06962987980586939,0.18874950434674642,0.3292247125833487,0.14619816506403702,0.02350779054136872,0.037919556778880835,0.12295380499576487,0.014061224682883369,0.1828918236143686,0.01621302527022262,0.028778579478139457,0.01889568741411322,0.088403423166626,0.010301056850514587,0.03562493708298939,0.0470487407405997,0.020396195430712347,0.03341464960027922,0.2904485128191053,0.027262079742801204,0.01724223853917926,0.06650073632143798,0.1260707292929795,0.07674769478220951,0.014217660756999703,0.01588760953317741,0.02793441192370261,0.04997243217249232,0.01451374819753999,0.008641870712085713,0.12363328867680788,0.013140960115725976,0.009173495100704816,0.012459473297865111,0.18177247579371578,0.01593409475882272,0.027387237374468347,0.01628154132584585,0.0494651417310581,0.0076006571026415405,0.014548401980838387,0.01741220648595927,0.09849774023750008,0.012796413399994785,0.01348026169900313,0.1743737634478182,0.03724698155094157,0.41411047882087426,0.20820623815076794,0.020996594063734195,0.15425061816851313,0.017994507733124727,0.03906802329432131,0.6272029199912561,0.03836802870157922,0.017202619450193767,0.04404785955178365,0.009415220411400162,0.008668679082114415,0.3989936114077802,0.005523439948640587,0.15505755078675595,0.13379910296309966,0.018068679742649914,0.017182874059835027,0.028445442000385162,0.2306981800351426,0.057081351389804705,0.3392227019858678,0.004224711399816818,2.2278560026775447e-10,1.2450236562228035e-10,1.7499261386240383e-10,2.0181748650977028e-10,1.2148681464428312e-9,1.5451264184982443e-10,2.1046869595711787e-10,2.2812014640537847e-10,1.317794301497879e-10,3.8810267636276544e-10,3.185245000839315e-10,3.622777956023347e-10,1.9770023305536382e-10,1.654439395656726e-10,1.7920046165167637e-10,3.509987224068881e-10,2.2246043411956108e-10,2.0397353747403484e-10,3.0413067746894803e-10,8.234233712725114e-10,1.7819968471851132e-10,3.5926463116487467e-10,1.373344172686111e-10,1.9847570172070772e-10,2.1620597081039426e-10,1.952230981832984e-10,2.1885832800084876e-10,1.9285869594976653e-10,2.569982289609657e-10,1.9844665501022208e-10,2.008397899357479e-10,2.221146997601589e-10,1.7988470794517075e-10,1.9084819255642194e-10,4.95161314769069e-10,2.9217960470118474e-10,1.1065210901649316e-10,1.9525544208794731e-10,1.9609292940540923e-10,3.2121108528998537e-10,4.142385924392614e-10,3.770763880531669e-10,1.7264673871988441e-10,1.826212220914107e-10,4.153732982591522e-10,1.5826202264116129e-10,4.4823454837317424e-10,3.8317478417194056e-10,2.468967251095319e-10,5.38157354694649e-10,1.4592298002685722e-10,2.1290673552696203e-10,1.460203257592956e-10,1.8692264739122078e-10,3.241080628855028e-10,1.1104164895549262e-10,2.8538550061396834e-10,2.5244480382153683e-10,3.104609762438693e-10,2.1625071844546674e-10,1.9949359266167243e-10,2.274010440593013e-10,1.7570951807903886e-10,1.5146242323033945e-10,1.378825365459376e-10,1.3329205722448387e-10,5.340244003156557e-10,1.964981702689955e-10,2.54954439607497e-10,2.11917891296483e-10,2.0434517835900527e-10,1.2749527586702336e-10,2.350439401296822e-10,3.127355691887645e-10,2.5461168842376634e-10,1.2627547103587193e-10,2.4449416962925394e-10,2.2708765360454802e-10,1.6933871091868356e-10,2.2127988159987674e-10,1.562609398025688e-10,3.981969577888893e-10,2.5974086646779446e-10,1.9569255582844486e-10,1.8975022690006438e-10,1.3393202691064336e-10,1.6766876057962751e-10,1.8911025721390487e-10,1.7993919015348707e-10,2.0214076854701326e-10,2.470807399456896e-10,2.289408337335325e-10,1.7683605941814447e-10,1.703768560523653e-10,1.7112139389627312e-10,5.325020386677159e-10,2.2100071916072276e-10,1.3617977127449507e-10,1.9752909297736728e-10,2.2185736160618064e-10,0.5,0.5,0.5,0.5,0.5,0.5,0.5,0.5,0.5,0.5,0.5,0.5,0.5,0.5,0.5,0.5,0.5,0.5,0.5,0.5,0.5,0.5,0.5,0.5,0.5,0.5,0.5,0.5,0.5,0.5,0.5,0.5,0.5,0.5,0.5,0.5,0.5,0.5,0.5,0.5,0.5,0.5,0.5,0.5,0.5,0.5,0.5,0.5,0.5,0.5,0.5,0.5,0.5,0.5,0.5,0.5,0.5,0.5,0.5,0.5,0.5,0.5,0.5,0.5,0.5,0.5,0.5,0.5,0.5,0.5,0.5,0.5,0.5,0.5,0.5,0.5,0.5,0.5,0.5,0.5,0.5,0.5,0.5,0.5,0.5,0.5,0.5,0.5,0.5,0.5,0.5,0.5,0.5,0.5,0.5,0.5,0.5,0.5,0.5,0.5,0.5,0.5,0.5,0.5,0.5,0.5,0.5,0.5,0.5,0.5,0.5,0.5,0.5,0.5,0.5,0.5,0.5,0.5,0.5,0.5,0.5,0.5,0.5,0.5,0.5,0.5,0.5,0.5,0.5,0.5,0.5,0.5,0.5,0.5,0.5,0.5,0.5,0.5,0.5,0.5,0.5,0.5,0.5,0.5,0.5,0.5,0.5,0.5,0.5,0.5,0.5,0.5,0.5,0.5,0.5,0.5,0.5,0.5,0.5,0.5,0.5,0.5,0.5,0.5,0.5,0.5,0.5,0.5,0.5,0.5,0.5,0.5,0.5,0.5,0.5,0.5,0.5,0.5,0.5,0.5,0.5,0.5,0.5,0.5,0.5,0.5,0.5,0.5,0.5,0.5,0.5,0.5,0.5,0.5,0.5,0.5,0.5,0.5,0.5,0.5,0.5,0.5,0.5,0.5,0.5,0.5,0.5,0.5,0.5,0.5,0.5,0.5,0.5,0.5,0.5,0.5,0.5,0.5,0.5,0.5,0.5,0.5,0.5,0.5,0.5,0.5,0.5,0.5,0.5,0.5,0.5,0.5,0.5,0.5,0.5,0.5,0.5,0.5,0.5,0.5,0.5,0.5,0.5,0.5,0.5,0.5,0.5,0.5,0.5,0.5,0.5,0.5,0.5,0.5,0.5,0.5,0.5,0.5,0.5,0.5,0.5,0.5,0.5,0.5,0.5,0.5,0.5,0.5,0.5,0.5,0.5,0.5,0.5,0.5,0.5,0.5,0.5,0.5,0.5,0.5,0.5,0.5,0.5,0.5,0.5,0.5,0.5,0.5,0.5,0.5,0.5,0.5,0.5,0.5,0.5,0.5,0.5,0.5,0.5,0.5,0.5,0.5,0.5,0.5,0.5,0.5,0.5,0.5,0.5,0.5,0.5,0.5,0.5,0.5,0.5,0.5,0.5,0.5,0.5,0.5,0.5,0.5,0.5,0.5,0.5,0.5,0.5,0.5,0.5,0.5,0.5,0.5,0.5,0.5,0.5,0.5,0.5,0.5,0.5,0.5,0.5,0.5,0.5,0.5,0.5,0.5,0.5,0.5,0.5,0.5,0.5,0.5,0.5,0.5,0.5,0.5,0.5,0.5,0.5,0.5,0.5,0.5,0.5,0.5,0.5,0.5,0.5,0.5,0.5,0.5,0.5,0.5,0.5,0.5,0.5,0.5,0.5,0.5,0.5,0.5,0.5,0.5,0.5,0.5,0.5,0.5,0.5,0.5,0.5,0.5,0.5,0.5,0.5,0.5,0.5,0.5,0.5,0.5,0.5,0.5,0.5,0.5,0.5,0.5,0.5,0.5,0.5,0.5,0.5,0.5,0.5,0.5,0.5,0.5,0.5,0.5,0.5,0.5,0.5,0.5,0.5,0.5,0.5,0.5,0.5,0.5,0.5,0.5,0.5,0.5,0.5,0.5,0.5,0.5,0.5,0.5,0.5,0.5,0.5,0.5,0.5,0.5,0.5,0.5,0.5,0.5,0.5,0.5,0.5,0.5,0.5,0.5,0.5,0.5,0.5,0.5,0.5,0.5,0.5,0.5,0.5,0.5,0.5,0.5,0.5,0.5,0.5,0.5,0.5,0.5,0.5,0.5,0.5,0.5,0.5,0.5,0.5,0.5,0.5,0.5,0.5,0.5,0.5,0.5,0.5,0.5,0.5,0.5,0.5,0.5,0.5,0.5,0.5,0.5,0.5,0.5,0.5,0.5,0.5,0.5,0.5,0.5,0.5,0.5,0.5,0.5,0.5,0.5,0.5,0.5,0.5,0.5,0.5,0.5,0.5,0.5,0.5,0.5,0.5,0.5,0.5,0.5,0.5,0.5,0.5,0.5,0.5,0.5,0.5,0.5,0.5,0.5,0.5,0.5,0.5,0.5,0.5,0.5,0.5,0.5,0.5,0.5,0.5,0.5,0.5,0.5,0.5,0.5,0.5,0.5,0.5,0.5,0.5,0.5,0.5,0.5,0.5,0.5,0.5,0.5,0.5,0.5,0.5,0.5,0.5,0.5,0.5,0.5,0.5,0.5,0.5,0.5,0.5,0.5,0.5,0.5,0.5,0.5,0.5,0.5,0.5,0.5,0.5,0.5,0.5,0.5,0.5,0.5,0.5,0.5,0.5,0.5,0.5,0.5,0.5,0.5,0.5,0.5,0.5,0.5,0.5,0.5,0.5,0.5,0.5,0.5,0.5,0.5,0.5,0.5,0.5,0.5,0.5,0.5,0.5,0.5,0.5,0.5,0.5,0.5,0.5,0.5,0.5,0.5,0.5,0.5,0.5,0.5,0.5,0.5,0.5,0.5,0.5,0.5,0.5,0.5,0.5,0.5,0.5,0.5,0.5,0.5,0.5,0.5,0.5,0.5,0.5,0.5,0.5,0.5,0.5,0.5,0.5,0.5,0.5,0.5,0.5,0.5,0.5,0.5,0.5,0.5,0.5,0.5,0.5,0.5,0.5,0.5,0.5,0.5,0.5,0.5,0.5,0.5,0.5,0.5,0.5,0.5,0.5,0.5,0.5,0.5,0.5,0.5,0.5,0.5,0.5,0.5,0.5,0.5,0.5,0.5,0.5,0.5,0.5,0.5,0.5,0.5,0.5,0.5,0.5,0.5,0.5,0.5,0.5,0.5,0.5,0.5,0.5,0.5,0.5,0.5,0.5,0.5,0.5,0.5,0.5,0.5,0.5,0.5,0.5,0.5,0.5,0.5,0.5,0.5,0.5,0.5,0.5,0.5,0.5,0.5,0.5,0.5,0.5,0.5,0.5,0.5,0.5,0.5,0.5,0.5,0.5,0.5,0.5,0.5,0.5,0.5,0.5,0.5,0.5,0.5,0.5,0.5,0.5,0.5,0.5,0.5,0.5,0.5,0.5,0.5,0.5,0.5,0.5,0.5,0.5,0.5,0.5,0.5,0.5,0.5,0.5,0.5,0.5,0.5,0.5,0.5,0.5,0.5,0.5,0.5,0.5,0.5,0.5,0.5,0.5,0.5,0.5,0.5,0.5,0.5,0.5,0.5,0.5,0.5,0.5,0.5,0.5,0.5,0.5,0.5,0.5,0.5,0.5,0.5,0.5,0.5,0.5,0.5,0.5,0.5,0.5,0.5,0.5,0.5,0.5,0.5,0.5,0.5,0.5,0.5,0.5,0.5,0.5,0.5,0.5,0.5,0.5,0.5,0.5,0.5,0.5,0.5,0.5,0.5,0.5,0.5,0.5,0.5,0.5,0.5,0.5,0.5,0.5,0.5,0.5,0.5,0.5,0.5,0.5,0.5,0.5,0.5,0.5,0.5,0.5,0.5,0.5,0.5,0.5,0.5,0.5,0.5,0.5,0.5,0.5,0.5,0.5,0.5,0.5,0.5,0.5,0.5,0.5,0.5,0.5,0.5,0.5,0.5,0.5,0.5,0.5,0.5,0.5,0.5,0.5,0.5,0.5,0.5,0.5,0.5,0.5,0.5,0.5,0.5,0.5,0.5,0.5,0.5,0.5,0.5,0.5,0.5,0.5,0.5,0.5,0.5,0.5,0.5,0.5,0.5,0.5,0.5,0.5,0.5,0.5,0.5,0.5,0.5,0.5,0.5,0.5,0.5,0.5,0.5,0.5,0.5,0.5,0.5,0.5,0.5,0.5,0.5,0.5,0.5,0.5,0.5,0.5,0.5,0.5,0.5,0.5,0.5,0.5,0.5,0.5,0.5,0.5,0.5,0.5,0.5,0.5,0.5,0.5,0.5,0.5,0.5,0.5,0.5,0.5,0.5,0.5,0.5,0.5,0.5,0.5,0.5,0.5,0.5,0.5,0.5,0.5,0.5,0.5,0.5,0.5,0.5,0.5,0.5,0.5,0.5,0.5,0.5,0.5,0.5,0.5,0.5,0.5,0.5,0.5,0.5,0.5,0.5,0.5,0.5,0.5,0.5,0.5,0.5,0.0]

Cone linearizations applied:  8762

Root node processing (before b&c):
  Real time             =    3.88 sec. (4464.91 ticks)
Sequential b&c:
  Real time             =    1.42 sec. (1687.36 ticks)
                          ------------
Total (root+branch&cut) =    5.30 sec. (6152.27 ticks)
