
Cone linearizations applied:  141

Root node processing (before b&c):
  Real time             =    0.10 sec. (10.67 ticks)
Sequential b&c:
  Real time             =    0.01 sec. (10.37 ticks)
                          ------------
Total (root+branch&cut) =    0.11 sec. (21.05 ticks)
Tried aggregator 2 times.
MIQCP Presolve eliminated 1011 rows and 1001 columns.
Aggregator did 4000 substitutions.
Reduced MIQCP has 3100 rows, 4010 columns, and 9000 nonzeros.
Reduced MIQCP has 10 binaries, 0 generals, 0 SOSs, and 0 indicators.
Reduced MIQCP has 1000 quadratic constraints.
Presolve time = 0.03 sec. (14.10 ticks)
Probing time = 0.00 sec. (0.34 ticks)
MIP emphasis: balance optimality and feasibility.
MIP search method: dynamic search.
Parallel mode: none, using 1 thread.
Root relaxation solution time = 0.02 sec. (28.63 ticks)

        Nodes                                         Cuts/
   Node  Left     Objective  IInf  Best Integer    Best Bound    ItCnt     Gap

      0     0        3.0000     0                      0.0000      753         
      0     0       11.0000     0                   Cone: 100      793         
      0     0       42.5000     1                   Cone: 200     1036         
      0     0       54.4824     1                   Cone: 500     1227         
      0     0       62.5454     1                   Cone: 700     1326         
      0     0       68.0000     0                   Cone: 900     1426         
      0     0       77.0000     0                  Cone: 1000     1553         
      0     0      540.1959     1                  Cone: 2100     4054         
      0     0      540.1961     1                  Cone: 2697     4597         
      0     0      540.1962     1                  Cone: 3294     5320         
      0     0      540.1962     1                  Cone: 3890     5884         
      0     0      540.1962     0                  Cone: 4487     6330         
      0     0      540.1962     1                  Cone: 4980     6834         
      0     0      540.1962     1                  Cone: 5568     7333         
      0     0      540.1962     1                  Cone: 6150     7833         
      0     0      540.1962     1                  Cone: 6722     8311         
      0     0      540.1962     1                  Cone: 7279     8749         
      0     0      540.1962     1                  Cone: 7787     9087         
      0     0      540.1962     1                  Cone: 8233     9284         
      0     0      540.1962     1                  Cone: 8637     9338         
      0     0      540.1962     1                  Cone: 9021     9364         
      0     0      540.1962     1                  Cone: 9381     9372         
      0     0      540.1962     1                    540.1962     9372         
*     0+    0                          565.9788      540.1962             4.56%
*     0+    0                          540.2875      540.1962             0.02%
      0     2      540.2296     3      540.2875      540.2297     9372    0.01%
Elapsed time = 2.60 sec. (2893.42 ticks, tree = 0.01 MB, solutions = 2)
      3     3        cutoff            540.2875      540.2299    12765    0.01%
#SOLVERNAME# CPLEX_MISOCP
#SOLVER# CPLEX.CplexSolver(Any[(:CPX_PARAM_THREADS, 1), (:CPX_PARAM_TILIM, 3600.0), (:CPX_PARAM_SCRIND, 1), (:CPX_PARAM_EPINT, 1.0e-9), (:CPX_PARAM_EPRHS, 1.0e-8), (:CPX_PARAM_EPGAP, 1.0e-5)])
#INSTANCE# uflquad-psc-10-100.cbf.gz
#TIMELIMIT# 3600.0
#STATUS# Optimal
#OBJVAL# 540.2875216105302
#OBJBOUND# 540.2875216105302
#NODECOUNT# 7
#TIMESOLVER# 3.1020050048828125
#TIMEALL# 3.724966049194336
#SOLUTION# [0.0,0.0,0.0,0.0,0.0,0.0,0.0,0.0,0.0,0.0,0.0,0.0,0.0,0.0,0.0,0.0,0.0,0.0,0.0,0.0,0.0,0.0,0.0,0.0,0.0,0.0,0.0,0.0,0.0,0.0,0.0,0.0,0.0,0.0,0.0,0.0,0.0,0.0,0.0,0.0,0.0,0.0,0.0,0.0,0.0,0.0,0.0,0.0,0.0,0.0,0.0,0.0,0.0,0.0,0.0,0.0,0.0,0.0,0.0,0.0,0.0,0.0,0.0,0.0,0.0,0.0,0.0,0.0,0.0,0.0,0.0,0.0,0.0,0.0,0.0,0.0,0.0,0.0,0.0,0.0,0.0,0.0,0.0,0.0,0.0,0.0,0.0,0.0,0.0,0.0,0.0,0.0,0.0,0.0,0.0,0.0,0.0,0.0,0.0,0.0,0.0,0.0,0.0,0.0,0.0,0.0,0.0,0.0,0.0,0.0,0.0,0.0,0.0,0.0,0.0,0.0,0.0,0.0,0.0,0.0,0.0,0.0,0.0,0.0,0.0,0.0,0.0,0.0,0.0,0.0,0.0,0.0,0.0,0.0,0.0,0.0,0.0,0.0,0.0,0.0,0.0,0.0,0.0,0.0,0.0,0.0,0.0,0.0,0.0,0.0,0.0,0.0,0.0,0.0,0.0,0.0,0.0,0.0,0.0,0.0,0.0,0.0,0.0,0.0,0.0,0.0,0.0,0.0,0.0,0.0,0.0,0.0,0.0,0.0,0.0,0.0,0.0,0.0,0.0,0.0,0.0,0.0,0.0,0.0,0.0,0.0,0.0,0.0,0.0,0.0,0.0,0.0,0.0,0.0,0.0,0.0,0.0,0.0,0.0,0.0,0.0779867187954628,0.28301888336431236,0.3451889102812756,0.3968165266090292,0.10772521521690417,0.39718508628506044,0.1393085973502257,0.1059139790286737,0.23625145569937883,0.09960167565129827,0.05220174095889214,0.11959784557208507,0.10307598209680746,0.15819433431185045,0.20734550037012095,0.07498260031778067,0.1240251649123074,0.10573018300499991,0.09252482083650251,0.1256995243668802,0.1642997910257177,0.0705899414057262,0.1308987930324198,0.11969146121350174,0.13418555568258578,0.11832998576836566,0.19062467687636672,0.14932762553990767,0.08079263130852453,0.21349569925371203,0.2881469179728791,0.11100277959483233,0.10064197859311975,0.18105761391158137,0.12277035934966365,0.10464104467613944,0.20896360807857206,0.22265890388893425,0.15558593702320472,0.1137669465119111,0.08719237107530722,0.11600314010578652,0.26098881067423807,0.13614636518379783,0.0935813109386798,0.3286956600324022,0.11528798440629913,0.09539091123724287,0.07640241466072147,0.08884516011602732,0.21634456301882163,0.18169174672247543,0.19426648913346845,0.2753614581260959,0.11025364433346377,0.5415237279699864,0.05807334845245381,0.1208048002326506,0.1096129520492636,0.1342641308883368,0.12375795427396723,0.20140106381941397,0.13108123557644122,0.5293593204026105,0.15913039300010937,0.3178772012421202,0.1023231609582279,0.3364364760697932,0.07756761392694682,0.12149664265657059,0.1707731174206467,0.5553705307670829,0.10866189483856938,0.08687181604601849,0.13227382026200268,0.1709555301040009,0.1271552758375502,0.07577261256040554,0.13549050599037402,0.4034416588186931,0.16456061116530282,0.11214348652078412,0.11055335723309422,0.04167798567573427,0.4009318959637234,0.273200564731984,0.35234278953919596,0.13081772135946965,0.6417557954440436,0.07646527408014318,0.06584153293531361,0.14659775984899992,0.1987602600086616,0.2816394724757202,0.3269418592873029,0.0882323203721195,0.12941613238975544,0.30826834637479444,0.09889241567788584,0.0829576076490575,0.0,0.0,0.0,0.0,0.0,0.0,0.0,0.0,0.0,0.0,0.0,0.0,0.0,0.0,0.0,0.0,0.0,0.0,0.0,0.0,0.0,0.0,0.0,0.0,0.0,0.0,0.0,0.0,0.0,0.0,0.0,0.0,0.0,0.0,0.0,0.0,0.0,0.0,0.0,0.0,0.0,0.0,0.0,0.0,0.0,0.0,0.0,0.0,0.0,0.0,0.0,0.0,0.0,0.0,0.0,0.0,0.0,0.0,0.0,0.0,0.0,0.0,0.0,0.0,0.0,0.0,0.0,0.0,0.0,0.0,0.0,0.0,0.0,0.0,0.0,0.0,0.0,0.0,0.0,0.0,0.0,0.0,0.0,0.0,0.0,0.0,0.0,0.0,0.0,0.0,0.0,0.0,0.0,0.0,0.0,0.0,0.0,0.0,0.0,0.0,0.07665829632029074,0.15587181125098407,0.1322370992372205,0.1007572925594662,0.34010143225651623,0.12713708358524492,0.09014830463657139,0.0822261831654009,0.16574574228708366,0.18462653604720686,0.6545185831025078,0.1822354255176398,0.07598925191839576,0.09498339441037389,0.1290038149509197,0.546528318565376,0.1129138984538937,0.10702473379642564,0.37046446052103504,0.25371907188457865,0.10632452951581076,0.5698914595277085,0.16584599350187884,0.11016288792577886,0.1479910216487068,0.3337178570922753,0.10987074884000889,0.15356553053170827,0.09290872682253576,0.12902000647677217,0.1528931965926602,0.19016006634010896,0.14573156227230408,0.17371789628313736,0.2167428839081623,0.2585961179528952,0.16557519445323599,0.10561348531640395,0.1541583829881146,0.16283535399062446,0.42284770039116704,0.18455677400009204,0.15288943397224763,0.09223916251292612,0.45378493050746416,0.1468974159125883,0.19946537606439388,0.34490378468101013,0.20424993672970554,0.43839015005823,0.12405582958006935,0.15934836905676353,0.17690408407852376,0.1547008474008726,0.14823302594777976,0.0855334496068504,0.6052553557306388,0.20413627410085738,0.15138126463136742,0.08840568901384191,0.27162127605683956,0.1025160560444693,0.0959495435713407,0.08700503519986222,0.1697017353114507,0.10624470917095939,0.3117814935383174,0.10365555802059992,0.5012251631751726,0.08560335084125048,0.12018436306317412,0.08693680799653426,0.25701860205040844,0.13534582482518887,0.10129312675236868,0.16081966851813168,0.1671466614772279,0.12340347125651821,0.17922651148312596,0.10391383055218353,0.18510383408179867,0.1806112996027563,0.21852405033683733,0.08125077975683266,0.11831753242226338,0.11635600921715587,0.13912765586434245,0.09796366577973763,0.0658014892258354,0.1418377309264726,0.07393772299086672,0.20622047498206583,0.1658990305181529,0.1190290239772148,0.1048776085038884,0.46523586316505794,0.17084560043294814,0.1511315609373237,0.14206010181528989,0.0659305410771064,0.1951457704541372,0.16290164427767262,0.16341640070193916,0.205228451704713,0.20360247177295934,0.15646823290603812,0.30609126738779746,0.4789467084109152,0.15944169298032954,0.3377930755987648,0.09433711660365493,0.2588774380025594,0.23927010938642645,0.29577606045759763,0.22891111073216025,0.11856436352958001,0.2297073463178403,0.22860324629126685,0.18716094843035433,0.22783985101717877,0.2395156111051124,0.111489693264185,0.12382580226025407,0.22823730623349345,0.12528343053621824,0.147114001407766,0.2421596182910356,0.13327647461592826,0.2521686692801071,0.22789419893999063,0.1623837009502203,0.16009686068812398,0.10264050859263557,0.14706848504656633,0.24762792585965704,0.2814970613195232,0.1538928929075866,0.2597877597712188,0.154436323688573,0.26603607301286036,0.18639549252044924,0.26524424996332624,0.16183171010244962,0.39879842249588004,0.14475020799936683,0.1647517289436678,0.26532812202899086,0.22713077433203213,0.10602869186720829,0.17250331401904312,0.22976024311001764,0.24998369468691414,0.15214813163830987,0.16196698338480875,0.2654564372823794,0.13777601999141342,0.09893502112063601,0.29546318514895037,0.2692198008460757,0.280185530389643,0.14038893124564253,0.2781191088314096,0.2298138125945252,0.14047072560375728,0.13795423128603274,0.22463227225831633,0.23630106254160568,0.22810277030077006,0.11219787165993828,0.23878549295346296,0.2339129777584428,0.12432278990814861,0.19752840918522846,0.45987186271103986,0.45044397075087805,0.14224937346906075,0.3469732069217678,0.09288276236167667,0.1288789387819497,0.19746047790220433,0.14363047024921177,0.27395495069480363,0.3106127519763614,0.049201161901168106,0.16010999385676022,0.22308024259153372,0.16084017325595448,0.22844867327704485,0.10965759487367308,0.08587971501793913,0.6508055093627069,0.14089031297956317,0.15133448522952925,0.2175981179932953,0.2373942193168022,0.1534729043876264,0.12399046063883125,0.1636929193396537,0.10092393734894936,0.19621435076411242,0.0,0.0,0.0,0.0,0.0,0.0,0.0,0.0,0.0,0.0,0.0,0.0,0.0,0.0,0.0,0.0,0.0,0.0,0.0,0.0,0.0,0.0,0.0,0.0,0.0,0.0,0.0,0.0,0.0,0.0,0.0,0.0,0.0,0.0,0.0,0.0,0.0,0.0,0.0,0.0,0.0,0.0,0.0,0.0,0.0,0.0,0.0,0.0,0.0,0.0,0.0,0.0,0.0,0.0,0.0,0.0,0.0,0.0,0.0,0.0,0.0,0.0,0.0,0.0,0.0,0.0,0.0,0.0,0.0,0.0,0.0,0.0,0.0,0.0,0.0,0.0,0.0,0.0,0.0,0.0,0.0,0.0,0.0,0.0,0.0,0.0,0.0,0.0,0.0,0.0,0.0,0.0,0.0,0.0,0.0,0.0,0.0,0.0,0.0,0.0,0.5801958987110802,0.13424694483964245,0.12788977582059685,0.1638823259101641,0.17482562094678092,0.13736394036642627,0.36828550341528854,0.24491694131540045,0.1285183968435623,0.2442720961272683,0.06757860554362578,0.30103152327280674,0.5046578915235749,0.3482201832119655,0.3007502007281933,0.09441731239022107,0.4284575365570731,0.4625469391388218,0.12121194532362724,0.2241250201950153,0.3803438916406031,0.08817371855968303,0.09489002567050098,0.43988879762062394,0.0927422553455057,0.12056561935971655,0.3408846652857382,0.09954451081115305,0.4933941059912122,0.29456763636362904,0.132701296536734,0.10428688553026473,0.07720320872510478,0.11579696663898677,0.2595364406907615,0.16053627925230807,0.12092033538934724,0.29336007396563374,0.10816062096932196,0.3300314721404017,0.13392190844602986,0.2967344446570993,0.1269626953495865,0.27132208030026433,0.11913805597378332,0.14274777359474622,0.2771034498217457,0.14977772977442647,0.0743850297945663,0.13514912553866643,0.29852987491606275,0.15109866407881037,0.12161673613452523,0.13093682030720863,0.3568192935743784,0.10912126340298019,0.07060127755282837,0.15605039934280213,0.34931320118490483,0.4041830725505783,0.11261622629160435,0.303329989684958,0.44737718325453596,0.13154328176525795,0.10686520425007266,0.2250157387880049,0.1841035012278131,0.20420627721409704,0.08660169621241805,0.4669328371532502,0.3545129948036606,0.10141513032774137,0.12294753899087313,0.20478957051077815,0.1998848385791727,0.1083940849971993,0.16572988773522013,0.06442672544343225,0.10010706606223278,0.1502821023246817,0.11395724568540722,0.29914687373547927,0.162653403538485,0.03590359251946789,0.12476288143578874,0.25620464557063194,0.13781339065762704,0.4457380223688283,0.08967981092967572,0.06415687285960203,0.13509559693789566,0.11251768922639399,0.11822027973336605,0.24731380055208296,0.1997030683256665,0.12440135837187825,0.09543642214567666,0.13798997982370348,0.07569365879538366,0.5898994690230323,0.07001331565183921,0.2639607161778025,0.2312678138881214,0.13331540315649715,0.17374525975542768,0.1818456567768842,0.09616632713738217,0.08799618803050921,0.3100427121948864,0.13370661653797272,0.13136395371390988,0.13825776754951044,0.07700676502304979,0.1028260275556368,0.13398937320807106,0.1655074051370476,0.10489605373089261,0.0960948977559099,0.22863782483029907,0.16861653253121553,0.10951617663255366,0.15985518720296638,0.48453938546935443,0.10201954696359679,0.4997977367184946,0.2802725363563768,0.11646029059209863,0.46428585846658266,0.08073586651628133,0.13502245892736048,0.26387488790845876,0.4344534077771376,0.5737827417617977,0.38235903802898147,0.1533223901887935,0.1947294967049792,0.35064796909990337,0.11857977698453738,0.4276587352768421,0.1273301542137486,0.16964252751786668,0.13746139124308945,0.29732734985597,0.10149396946558703,0.18874549452642064,0.2169074214572439,0.14281506760304608,0.18279679990718736,0.5389339268656529,0.16511225017543052,0.13130948933556755,0.25787752542645226,0.3550645589793948,0.2770338907038559,0.11923759884370598,0.12604553895066392,0.16713499708182056,0.22354534109242255,0.12047278126995421,0.09296157708805408,0.35161561204725483,0.11463378152829941,0.09577822492847614,0.11162163696031677,0.42634843614694096,0.12623007848564705,0.16549078168228623,0.12759891834143347,0.22240765493367345,0.0871816763437243,0.12061654690049266,0.13195474095490428,0.31384355488049404,0.11312092583933675,0.11610424360687127,0.41758134284060355,0.1929949679601028,0.6435144282995603,0.4562969776125736,0.14490193032024112,0.39274783877834596,0.1341433893992022,0.19765643688370468,0.7919664798072837,0.19587769631295154,0.13115853788138815,0.2098759906745995,0.09703191714150072,0.09310530944975991,0.6316604070528583,0.07431963769097566,0.39377376294557564,0.3657859444978042,0.13441958490988604,0.13108324447491498,0.16865755364246018,0.4803113843544777,0.23891719353543542,0.582429886293574,0.0649980313948953,0.0,0.0,0.0,0.0,0.0,0.0,0.0,0.0,0.0,0.0,0.0,0.0,0.0,0.0,0.0,0.0,0.0,0.0,0.0,0.0,0.0,0.0,0.0,0.0,0.0,0.0,0.0,0.0,0.0,0.0,0.0,0.0,0.0,0.0,0.0,0.0,0.0,0.0,0.0,0.0,0.0,0.0,0.0,0.0,0.0,0.0,0.0,0.0,0.0,0.0,0.0,0.0,0.0,0.0,0.0,0.0,0.0,0.0,0.0,0.0,0.0,0.0,0.0,0.0,0.0,0.0,0.0,0.0,0.0,0.0,0.0,0.0,0.0,0.0,0.0,0.0,0.0,0.0,0.0,0.0,0.0,0.0,0.0,0.0,0.0,0.0,0.0,0.0,0.0,0.0,0.0,0.0,0.0,0.0,0.0,0.0,0.0,0.0,0.0,0.0,0.0,0.0,1.0,0.0,1.0,1.0,0.0,1.0,1.0,0.0,1.0118194735043615e-10,1.1929032622761702e-10,1.348479310710299e-10,1.1640310840086913e-10,1.0086057630439387e-10,1.321528195338256e-10,1.033817797988331e-10,1.0396413847808389e-10,1.1233082484016838e-10,1.01158457218075e-10,1.0112733334741248e-10,1.0090731365614114e-10,1.0185156408509481e-10,1.0371781340390417e-10,1.0117611881724416e-10,1.0082732491937997e-10,1.0097488584127887e-10,1.010261175767691e-10,1.0149003923923952e-10,1.0382670847760245e-10,1.0123887605484815e-10,1.0089395407580075e-10,1.0510150157340329e-10,1.010140111598684e-10,1.0746034393920742e-10,1.0076870495230842e-10,1.0175949136829248e-10,1.0810267189657699e-10,1.0117837093953295e-10,1.0118602755635124e-10,1.218305410999531e-10,1.0484337056320186e-10,1.0460870912287287e-10,1.0701505250724647e-10,1.0165232251003684e-10,1.0169321297837689e-10,1.1088104063300219e-10,1.0466634227648908e-10,1.0915656103312273e-10,1.0073031944249578e-10,1.0118230785274e-10,1.0074065735642108e-10,1.205178718160679e-10,1.0459558156209797e-10,1.0080097560601286e-10,1.1960909739968478e-10,1.0073195011631263e-10,1.011130940985561e-10,1.0275602620527402e-10,1.0094358616464393e-10,1.0111257662974366e-10,1.0840373308687131e-10,1.0689014576755408e-10,1.2049012489127063e-10,1.007879179284046e-10,1.3218799552762615e-10,1.0111692129308301e-10,1.0355033226024999e-10,1.0080760176454809e-10,1.0280375964853788e-10,1.0116954806473041e-10,1.0472543208658984e-10,1.0112078617406651e-10,1.1856023282144583e-10,1.0644720409679364e-10,1.0749693387265939e-10,1.0106635511330128e-10,1.1012614049516686e-10,1.0118304928541584e-10,1.016530085271841e-10,1.0117904423637151e-10,1.7753715564274602e-10,1.0311272255350353e-10,1.014505571300349e-10,1.0543110301312649e-10,1.0881960662998937e-10,1.0436012778040238e-10,1.0510753243848653e-10,1.0412486401157661e-10,1.196836118140893e-10,1.0463679257568695e-10,1.0076224417183124e-10,1.024809286165069e-10,1.0348380496131396e-10,1.3958789317544214e-10,1.0350483983055861e-10,1.2876678581557094e-10,1.0111645199858833e-10,1.3023738505714804e-10,1.0319049431463512e-10,1.0314332506947898e-10,1.0222918696103325e-10,1.0997647554057821e-10,1.0316409691649528e-10,1.1092479983923933e-10,1.0073400454822356e-10,1.0454718325461569e-10,1.210630668068373e-10,1.0475805766953137e-10,1.0130574511480492e-10,1.0104210488456904e-10,1.3718862848066587e-10,1.4336273035415898e-10,1.0929416225984012e-10,1.0089658994877333e-10,1.318779619765614e-10,1.0183330971881207e-10,1.0253796487908767e-10,1.2315358031683215e-10,1.0118548341398023e-10,1.0111361555384509e-10,1.0144130959745008e-10,1.0112548748016567e-10,1.0200262706752784e-10,1.0078124806755845e-10,1.0093896803535915e-10,1.0072766698205043e-10,1.007425087821323e-10,1.015412206159215e-10,1.0448481633471437e-10,1.0117880130798737e-10,1.0101363083658634e-10,1.0756593369701196e-10,1.0072968868242435e-10,1.1054346126878992e-10,1.0102405260460215e-10,1.0111731953558848e-10,1.1200025010666029e-10,1.0110063890903115e-10,1.0082962199906919e-10,1.437890884644761e-10,1.0530781645419447e-10,1.0656121417362518e-10,1.1221365826418462e-10,1.0237860780189003e-10,1.0152937102392632e-10,1.1937763278726404e-10,1.0242990551170098e-10,1.1109021395626451e-10,1.008555712126064e-10,1.011835608507892e-10,1.0096989055640424e-10,1.3182485111775816e-10,1.0289085011159717e-10,1.0073053617613578e-10,1.293948451713864e-10,1.0088386228925955e-10,1.011131503559252e-10,1.0347129476442166e-10,1.0095135759831917e-10,1.0111897374107186e-10,1.0769512366467937e-10,1.1261731041577778e-10,1.3771132351217463e-10,1.0075424954630564e-10,1.210516854166586e-10,1.0116588362376282e-10,1.0323641219172203e-10,1.0073774859262769e-10,1.0144850512250078e-10,1.0116132145222043e-10,1.0257669850880255e-10,1.0118296037193912e-10,1.0877571847444722e-10,1.1025355794664361e-10,1.0423524700081915e-10,1.010060718206026e-10,1.0592799909165308e-10,1.0115866193676881e-10,1.0111313419049043e-10,1.0082122602528279e-10,1.3373370569364913e-10,1.0325148476954456e-10,1.0117017018427519e-10,1.0389771383243038e-10,1.1422661620246928e-10,1.0375633426210487e-10,1.0610715525082001e-10,1.0647408743503053e-10,1.1230549623285235e-10,1.0762720157473074e-10,1.0074739394869911e-10,1.021962962185843e-10,1.0476130961359738e-10,1.3428927542441883e-10,1.0149898981230653e-10,1.5050909169181114e-10,1.011505186418041e-10,1.1829873518904145e-10,1.0465456618490061e-10,1.022689638950782e-10,1.0417275191765557e-10,1.1763771081018187e-10,1.013227850637677e-10,1.0649426352112616e-10,1.0075417456371764e-10,1.0687729601385325e-10,1.4053762271373442e-10,1.067042815792869e-10,1.0114338506939286e-10,0.006081928319557883,0.08009968839557254,0.1191553838696417,0.15746335586976204,0.011604722050207296,0.15775599283116243,0.01940688538752538,0.011217771017906886,0.05581475037133693,0.009920493892308316,0.0027250218517932377,0.014303644752593088,0.01062465816455757,0.025025447511716276,0.042992156624732575,0.005622390398351426,0.015382241652075645,0.011178871718095389,0.008560842555036809,0.01580037058833334,0.026994421394952856,0.004982939864975098,0.017134494076652726,0.014326045936591397,0.018005763394116494,0.014001985523969484,0.036337767496945984,0.02229873984969656,0.006527449347955069,0.04558041364886497,0.08302864641325747,0.012321617140423418,0.010128807928483478,0.03278185961894975,0.015072561245254999,0.010949748278557603,0.04366578960735054,0.04957698756560131,0.024206983894398702,0.01294291817617718,0.007602509634584466,0.01345672857497808,0.06811515940544074,0.018535832889112782,0.008757461965597327,0.10804083698300501,0.01329131946670989,0.009099426042768533,0.005837329010581685,0.007893462500047342,0.046804970044127585,0.03301189089522161,0.037739468860754063,0.07582393269116537,0.012155866120804612,0.29324794806446414,0.0033725139259515218,0.014593799815448408,0.012014999322471792,0.018026856979977798,0.015316031247783735,0.04056238858946635,0.017182290422088055,0.28022129023890446,0.025322482104437247,0.10104591515381237,0.01047002937889458,0.11318950251163773,0.006016734771542385,0.014761434298310845,0.029163457659885685,0.30843642656758286,0.011807407511249734,0.007546712476863171,0.017496363629684316,0.029225793380939676,0.01616846422807913,0.005741488892896327,0.018357677288740094,0.1627651721606758,0.027080194844102526,0.012576161673256996,0.0122220448597341,0.0017370545461165327,0.16074638531388144,0.07463854865343116,0.12414544140617913,0.01711327630608989,0.4118505011325561,0.0058469382082478,0.0043351075206057325,0.02149090330920158,0.03950564103834256,0.07932079254135893,0.10689097943765813,0.0077849424728298686,0.016748535406207736,0.09502937343752933,0.009779709919869935,0.00688196477180797,1.0113371263093541e-10,1.505801904106932e-10,1.7146701421903797e-10,1.0871136974819797e-10,1.0081541453799518e-10,1.162788896847299e-10,1.0198432542609891e-10,1.0314579284975966e-10,1.418248040913034e-10,1.0111386333247399e-10,1.0190002122134359e-10,1.0084830526037847e-10,1.0115652548108693e-10,1.0207611145421056e-10,1.0072726458367738e-10,1.0116393776395548e-10,1.0073255693390033e-10,1.0081076585137899e-10,1.0325337173711474e-10,1.0237885134069812e-10,1.0118549301406047e-10,1.0113724805038676e-10,1.1653879695468626e-10,1.0075179744652077e-10,1.2217390810502165e-10,1.0111970758795398e-10,1.0114222113077174e-10,1.2460204152624752e-10,1.0118351436601233e-10,1.0073153222076591e-10,1.7980760549404513e-10,1.091554710100433e-10,1.1384028375021119e-10,1.2441701295747624e-10,1.0119376438675184e-10,1.029513062393319e-10,1.382095447492953e-10,1.0217023326253992e-10,1.212406006419155e-10,1.0073030538861549e-10,1.011899570227656e-10,1.0072710660056464e-10,2.3797349194792286e-10,1.0336649992818215e-10,1.0108023568441848e-10,1.1890053807511574e-10,1.0074053066639893e-10,1.01696245143339e-10,1.0668779194445892e-10,1.0117834799415564e-10,1.0097584157389496e-10,1.1195722557722001e-10,1.23996025029992e-10,2.0372086714046836e-10,1.0076344738922048e-10,1.1911109942940916e-10,1.0253232041417416e-10,1.0533757583341977e-10,1.0079215085620177e-10,1.0153055825693756e-10,1.0281308628365978e-10,1.02470136994842e-10,1.0118351403305277e-10,1.0577747084436286e-10,1.218570047299686e-10,1.0345201836536646e-10,1.0117819763787218e-10,1.0533112656717172e-10,1.0159553382500026e-10,1.0111252075412162e-10,1.0077309725421812e-10,1.2583455575578228e-10,1.0583824677242843e-10,1.0179291094242051e-10,1.0490684819474577e-10,1.284225010399224e-10,1.0571474698298126e-10,1.1162385087842367e-10,1.135433007360228e-10,1.1222096395552945e-10,1.1600952239344687e-10,1.0081067461626631e-10,1.0388634907107369e-10,1.0912279860501383e-10,1.3699045335920913e-10,1.0115570783411647e-10,1.2538570982750075e-10,1.0115344893871482e-10,1.1505634599713636e-10,1.0905648513118486e-10,1.0333079479534477e-10,1.0799172259928164e-10,1.3445145067894014e-10,1.0111251324734423e-10,1.0612847941225398e-10,1.011497451512438e-10,1.1471803121729708e-10,1.3190541537977755e-10,1.1421590467492262e-10,1.0112311778013809e-10,0.005876494469124209,0.02429602160750986,0.017486650530424523,0.010152032079058132,0.11566898429005756,0.01616383813557479,0.008126716858044152,0.006761145310688833,0.02747165119548266,0.03408695790713974,0.42839457578367285,0.033209750380966956,0.005774366449226618,0.009021845262758383,0.016641984425658635,0.2986932031098467,0.012749548549895896,0.011454293796494675,0.1372439166082066,0.0643733675324226,0.01130490561023371,0.32477627575504947,0.0275048936886092,0.012135861989202164,0.021901342561583374,0.11136760822217065,0.01207158152690272,0.02358237224702328,0.008632031584237398,0.016646162224141302,0.02337632963656938,0.036160850913329205,0.021237688351725747,0.03017790755616267,0.04697747778919582,0.06687195229028628,0.02741514501818817,0.01115420838287594,0.023764807149818268,0.02651535250688243,0.17880017782953406,0.03406120289440518,0.023375179035515677,0.008508063214320502,0.20592076326911585,0.021578850962072384,0.03978643635073116,0.11895862079296422,0.04171803674788129,0.1921859237692227,0.015389848897665441,0.02539190279059721,0.03129505501999481,0.02393235221816081,0.02197303007636804,0.007315971044515567,0.3663340458378935,0.041671618481570576,0.022916287393074667,0.007815565949619099,0.07377811768939499,0.010509541851210367,0.009206314936742684,0.007569876207308616,0.028798679027187038,0.011287938278646785,0.09720769981181868,0.010744474835082849,0.2512266643056367,0.007327933783111592,0.014444281280335652,0.00755800865916977,0.06605856190616272,0.018318492374192363,0.010260297666317695,0.025862965828554116,0.027938006531392914,0.015228416777561796,0.032122142453163874,0.010798084182805348,0.03426342951043273,0.0326204416377982,0.04775276068192337,0.006601688260772052,0.0139990386405844,0.01353872103519436,0.019356504680748076,0.009596879897163868,0.004329836099279567,0.020117942027759628,0.005466786967095156,0.042526884392478835,0.027522488384627664,0.014167908558077544,0.010999312836724204,0.21644440849126728,0.02918821925429633,0.022840748852340515,0.02018107262122929,0.00434683634232149,0.03808187180775083,0.02653694571646719,0.026704920039327132,0.042118717483963695,0.04145396659070709,0.024482307909629148,0.09369186406933525,0.22938994964047096,0.025421653563004406,0.11410416201443029,0.008899491676630315,0.06701752796945498,0.05725018535036583,0.08748347802465781,0.05240029666943874,0.014057508413999635,0.052765465004040765,0.052259444304371454,0.03502922072120191,0.05191099781091572,0.05736772803781448,0.012429951717260407,0.015332829287334428,0.05209226803159484,0.015695938017282113,0.021642529518728474,0.05864128081076259,0.017762618726883582,0.06358903785086376,0.05193576598080567,0.026368466463939085,0.02563100486805988,0.010535074099026785,0.02162913935675124,0.0613195897576332,0.07924059561182964,0.023683022510963405,0.0674896801872667,0.02385057812454242,0.07077519220222364,0.034743279757467466,0.07035451224445004,0.026189502499867574,0.15904018189747496,0.02095262281386876,0.027143132203806507,0.07039901240835374,0.05158838874235557,0.01124208359334366,0.029757393435293104,0.05278976939181002,0.06249184770545672,0.023149054041493394,0.026233303743551924,0.07046712018543572,0.018982231744587918,0.009788138490028592,0.08729849387389933,0.07247930125329062,0.0785039315155927,0.01970905208169459,0.07735023877163456,0.052814388539287174,0.019732024870433088,0.01903137005399551,0.050459657829725515,0.05583819222779211,0.05203087390979359,0.012588362485834826,0.057018511733212186,0.05471528118802255,0.015456156255566891,0.03901747250472058,0.21148213023070836,0.20289977091181435,0.020234884309074348,0.12039040641565084,0.008627207638846276,0.01660978098434817,0.03899064041939284,0.020629712063267188,0.07505131507395164,0.09648028179517708,0.0024207544328405054,0.02563521022785175,0.04976479474354742,0.025869561415310965,0.05218879640305948,0.012024788171586323,0.007375325563590867,0.4235478111772497,0.01985008044018423,0.022902126578660482,0.04734894099219599,0.05635601543475231,0.023553932470291077,0.015373634381089452,0.026795371968471086,0.01018564127469614,0.038500071531523,1.0782968051807058e-10,1.0352983468852502e-10,1.11091736591185e-10,1.2717085320662616e-10,1.0240376982463561e-10,1.0236883712108691e-10,1.225111302379553e-10,1.3965668142080733e-10,1.0404105562157712e-10,1.121523202490337e-10,1.0747901003713216e-10,1.028121551707466e-10,1.1553248583227025e-10,1.2150505266417287e-10,1.0167109846067628e-10,1.0253399000571824e-10,1.0397046156875935e-10,1.0515038308333206e-10,1.1434027666670936e-10,1.0111609723980456e-10,1.0685595218263076e-10,1.027787703716412e-10,1.0559878881452903e-10,1.0432566626942479e-10,1.0934130614419955e-10,1.0112052426154504e-10,1.0722129259844178e-10,1.0880541132335615e-10,1.0953847939047684e-10,1.0167447889470577e-10,1.0440544507322062e-10,1.2060475626036227e-10,1.0658632950951911e-10,1.044983368541544e-10,1.017825707337394e-10,1.2057133989668065e-10,1.0557248612580459e-10,1.1595759740687256e-10,1.1816933038421077e-10,1.0412929216910343e-10,1.0786440109177925e-10,1.036842129888557e-10,1.0736263442301582e-10,1.3761429802583555e-10,1.0139770409284132e-10,1.0145281292851801e-10,1.0387046530582085e-10,1.1213355583992415e-10,1.1045378924468119e-10,1.0468700488002493e-10,1.0288945850812903e-10,1.4748995714581188e-10,1.034882726204634e-10,1.0498973020013512e-10,1.0474865958941877e-10,1.196521212824222e-10,1.0769057150628581e-10,1.3185191154124137e-10,1.0498316752071761e-10,1.1889108492189023e-10,1.0143885841044108e-10,1.2010664748803028e-10,1.0743683416302077e-10,1.0643347561671585e-10,1.0539288506515692e-10,1.1416541342773424e-10,1.0645588951979576e-10,1.2169932029956038e-10,1.0349489233751098e-10,1.1223070452013522e-10,1.0319477620609377e-10,1.1172917572077841e-10,1.2065351315894368e-10,1.228631435828435e-10,2.0056351796953737e-10,1.0733875834110431e-10,1.4767409073769095e-10,1.14453685496527e-10,1.043843875312064e-10,1.2941798295564454e-10,1.0325705734056861e-10,1.0478501188144423e-10,1.2643060288451343e-10,1.0802925534325934e-10,1.1472438519503803e-10,1.0582020910099581e-10,1.025867009391689e-10,1.0675955815177399e-10,1.179273565963509e-10,1.0639063226376754e-10,1.4259856356171006e-10,1.0217512909531706e-10,1.0580349488128533e-10,1.0449034516915531e-10,1.263252353198931e-10,1.0272153213477511e-10,1.051119900781343e-10,1.0251509080849478e-10,1.0683706681958164e-10,1.1237013560797297e-10,0.3366272810012266,0.018022242266956895,0.016355794799760036,0.02685741683343876,0.030563997825802026,0.018868852145875678,0.13563421212865356,0.05998430825886238,0.016516978418414582,0.05966885702962063,0.004566868005899319,0.0906199780588336,0.25467958759283554,0.12125729609308383,0.09045068331588965,0.008914628957722158,0.18357586073625792,0.2139496710311066,0.014692335791200292,0.05023202472476751,0.14466147601167026,0.007774604743622077,0.009004117060481258,0.19350215438746637,0.008601126021043256,0.014536068711874682,0.11620235509293594,0.00990910970733306,0.24343774393221135,0.08677009248716276,0.01760963422460389,0.010875754597005776,0.00596033554172148,0.013408937498193914,0.06735916414594365,0.025771897041489623,0.014621727649381565,0.08606013305723026,0.011698720012332336,0.10892077267392648,0.017935077604325757,0.08805133070609455,0.016119526059381183,0.07361567133497458,0.014193876425605208,0.02037692701278682,0.07678632200368837,0.022433368433148682,0.005533132747796198,0.018265286164611462,0.08912008626650486,0.022830806386410045,0.014790630563666352,0.017144450993410925,0.12732000835819268,0.011907450241907126,0.004984540435109264,0.024351727252729615,0.12201971260223492,0.16336395623360828,0.012682414556909475,0.09200908273560049,0.2001463442091841,0.01730363507901396,0.011420171989179237,0.050632082781903204,0.033894099236487465,0.041700203705100296,0.007499853809333214,0.2180262745112915,0.12567946355988108,0.010285028722181233,0.015116097370022069,0.04193876828316439,0.03995394877832643,0.011749277730099808,0.027466395778288546,0.004150803036620287,0.010021424696409497,0.02258471034738593,0.012986253921183084,0.08948885216309094,0.026456129776531678,0.0012890680146420616,0.015565776730778412,0.06564082050921172,0.018992530724297168,0.19868238469582575,0.008042468590205604,0.004116104405814179,0.018250820406729967,0.012660230547048793,0.01397603462457963,0.061164116024845235,0.03988131559151487,0.01547569808431204,0.009108110822786428,0.01904123463578961,0.005729530028668775,0.34798138369698034,0.004901864469931676,0.06967525977275979,0.05348480179497759,0.017772996763312086,0.030187415354907373,0.033067842933186965,0.009247962603164553,0.007743329199041591,0.09612648343974195,0.017877459377820936,0.017256488409597488,0.019115210408678755,0.005930041976469326,0.010573192102760098,0.01795315230071566,0.027392701245551876,0.011003182225845478,0.009234229515692237,0.0522752550079849,0.028431535106080305,0.011993792988233741,0.025553680992952472,0.2347784161962714,0.010407988049647788,0.24979777774320522,0.07855269473068355,0.013562999362827503,0.2155613584922856,0.006518280236738102,0.018231064428328773,0.0696299565315161,0.18874976363247,0.3292266348579379,0.14619843405017216,0.023507755449805174,0.03791957697202961,0.1229539983213578,0.014061163572925008,0.1828919939562637,0.01621296821083196,0.028778587203799496,0.01889563417298064,0.08840355307437782,0.010301025910590853,0.03562486173998376,0.047048829563190425,0.02039614364246239,0.033414670105573994,0.2904497776835213,0.0272620552416062,0.017242182129204357,0.06650081821864047,0.12607084113631695,0.0767477766598207,0.014217605173904729,0.015887477978051533,0.02793410733222114,0.04997251959006273,0.014513691184476088,0.008641854884523277,0.12363353869043549,0.013140903877041409,0.009173468418408654,0.012459389930091257,0.18177298911208592,0.015934032778443095,0.027387198883300653,0.0162814840146524,0.04946516507730777,0.007600644791879196,0.014548351506509943,0.017412053735680104,0.09849777702424684,0.012796343972621098,0.013480195460308078,0.17437417799674915,0.0372470577475782,0.4141108195646666,0.20820693189651546,0.020996569497668312,0.15425086497009668,0.017994448953043838,0.039068067137720194,0.6272109052379522,0.03836807198224825,0.01720256214275205,0.04404793157488074,0.009415192990211502,0.008668598713134806,0.3989948699861179,0.005523408637435677,0.15505777646555327,0.13379935727908912,0.01806862483712591,0.01718281700356312,0.028445370487885827,0.23069902606203022,0.057081425446164465,0.3392245725585328,0.004224744066702046,1.018136873303002e-10,1.0268210877377758e-10,1.0076169734689591e-10,1.0088729978120887e-10,1.559057373886011e-10,1.0696008399364244e-10,1.011382343378214e-10,1.0133004218468451e-10,1.0128874808390431e-10,1.0907308833838181e-10,1.0787940350550875e-10,1.0915790080188921e-10,1.0111438226065456e-10,1.0117810708867841e-10,1.0194056514805645e-10,1.1008972029975086e-10,1.0111712743489721e-10,1.0166163865601447e-10,1.0597301466678139e-10,1.3508399399721223e-10,1.009880151792239e-10,1.0937086350880565e-10,1.0109723897241657e-10,1.01113848359529e-10,1.0117161640205797e-10,1.0141591749560896e-10,1.0080924433453688e-10,1.0111725055412048e-10,1.0360013428458487e-10,1.022781746762404e-10,1.0206509273822965e-10,1.0177530419924144e-10,1.0118458653790501e-10,1.0072913574675187e-10,1.1858966835175382e-10,1.0603350013989793e-10,1.0073550835666765e-10,1.0096171180626039e-10,1.0116461979204003e-10,1.0716809585308694e-10,1.1352325455175311e-10,1.1069750362941834e-10,1.0077238463085365e-10,1.0112360812994198e-10,1.1180558002940086e-10,1.0753228558614453e-10,1.1463230937971809e-10,1.0935918674340227e-10,1.0219608785485558e-10,1.2186947949027458e-10,1.0147246553406157e-10,1.0114547480045572e-10,1.00833504345706e-10,1.0149602899408624e-10,1.0584387903117802e-10,1.0072731582407002e-10,1.0622150661671097e-10,1.0334695477652205e-10,1.0637300433515674e-10,1.0115195483045068e-10,1.0115817560387726e-10,1.0113134613419129e-10,1.0118552914075814e-10,1.0311988978427116e-10,1.0087820518370632e-10,1.0072713371903828e-10,1.2102038495960008e-10,1.0082779456169597e-10,1.0471349737093263e-10,1.0116485909968083e-10,1.0075497616063075e-10,1.0104368395770204e-10,1.0336234339302474e-10,1.0548282928233692e-10,1.0129890737123426e-10,1.0093396432448978e-10,1.0262715307185615e-10,1.0123253799402635e-10,1.0103673047438042e-10,1.009327260407661e-10,1.0073826230568706e-10,1.1057797355684731e-10,1.0462918070632657e-10,1.0117081023475819e-10,1.0073179543430832e-10,1.0137299288323469e-10,1.0567694531452165e-10,1.0118556190749584e-10,1.0075127601912583e-10,1.0111317599823433e-10,1.0283107181427547e-10,1.0084625470088493e-10,1.0072969763799726e-10,1.022720690953795e-10,1.009499713623589e-10,1.215832640781633e-10,1.0109916701866363e-10,1.0468147481673448e-10,1.0118334046939183e-10,1.0112023827401278e-10,0.0,0.0,0.0,0.0,0.0,0.0,0.0,0.0,0.0,0.0,0.0,0.0,0.0,0.0,0.0,0.0,0.0,0.0,0.0,0.0,0.0,0.0,0.0,0.0,0.0,0.0,0.0,0.0,0.0,0.0,0.0,0.0,0.0,0.0,0.0,0.0,0.0,0.0,0.0,0.0,0.0,0.0,0.0,0.0,0.0,0.0,0.0,0.0,0.0,0.0,0.0,0.0,0.0,0.0,0.0,0.0,0.0,0.0,0.0,0.0,0.0,0.0,0.0,0.0,0.0,0.0,0.0,0.0,0.0,0.0,0.0,0.0,0.0,0.0,0.0,0.0,0.0,0.0,0.0,0.0,0.0,0.0,0.0,0.0,0.0,0.0,0.0,0.0,0.0,0.0,0.0,0.0,0.0,0.0,0.0,0.0,0.0,0.0,0.0,0.0,0.0,0.0,0.0,0.0,0.0,0.0,0.0,0.0,0.0,0.0,0.0,0.0,0.0,0.0,0.0,0.0,0.0,0.0,0.0,0.0,0.0,0.0,0.0,0.0,0.0,0.0,0.0,0.0,0.0,0.0,0.0,0.0,0.0,0.0,0.0,0.0,0.0,0.0,0.0,0.0,0.0,0.0,0.0,0.0,0.0,0.0,0.0,0.0,0.0,0.0,0.0,0.0,0.0,0.0,0.0,0.0,0.0,0.0,0.0,0.0,0.0,0.0,0.0,0.0,0.0,0.0,0.0,0.0,0.0,0.0,0.0,0.0,0.0,0.0,0.0,0.0,0.0,0.0,0.0,0.0,0.0,0.0,0.0,0.0,0.0,0.0,0.0,0.0,0.0,0.0,0.0,0.0,0.0,0.0,0.0,0.0,0.0,0.0,0.0,0.0,0.5,0.5,0.5,0.5,0.5,0.5,0.5,0.5,0.5,0.5,0.5,0.5,0.5,0.5,0.5,0.5,0.5,0.5,0.5,0.5,0.5,0.5,0.5,0.5,0.5,0.5,0.5,0.5,0.5,0.5,0.5,0.5,0.5,0.5,0.5,0.5,0.5,0.5,0.5,0.5,0.5,0.5,0.5,0.5,0.5,0.5,0.5,0.5,0.5,0.5,0.5,0.5,0.5,0.5,0.5,0.5,0.5,0.5,0.5,0.5,0.5,0.5,0.5,0.5,0.5,0.5,0.5,0.5,0.5,0.5,0.5,0.5,0.5,0.5,0.5,0.5,0.5,0.5,0.5,0.5,0.5,0.5,0.5,0.5,0.5,0.5,0.5,0.5,0.5,0.5,0.5,0.5,0.5,0.5,0.5,0.5,0.5,0.5,0.5,0.5,0.0,0.0,0.0,0.0,0.0,0.0,0.0,0.0,0.0,0.0,0.0,0.0,0.0,0.0,0.0,0.0,0.0,0.0,0.0,0.0,0.0,0.0,0.0,0.0,0.0,0.0,0.0,0.0,0.0,0.0,0.0,0.0,0.0,0.0,0.0,0.0,0.0,0.0,0.0,0.0,0.0,0.0,0.0,0.0,0.0,0.0,0.0,0.0,0.0,0.0,0.0,0.0,0.0,0.0,0.0,0.0,0.0,0.0,0.0,0.0,0.0,0.0,0.0,0.0,0.0,0.0,0.0,0.0,0.0,0.0,0.0,0.0,0.0,0.0,0.0,0.0,0.0,0.0,0.0,0.0,0.0,0.0,0.0,0.0,0.0,0.0,0.0,0.0,0.0,0.0,0.0,0.0,0.0,0.0,0.0,0.0,0.0,0.0,0.0,0.0,0.5,0.5,0.5,0.5,0.5,0.5,0.5,0.5,0.5,0.5,0.5,0.5,0.5,0.5,0.5,0.5,0.5,0.5,0.5,0.5,0.5,0.5,0.5,0.5,0.5,0.5,0.5,0.5,0.5,0.5,0.5,0.5,0.5,0.5,0.5,0.5,0.5,0.5,0.5,0.5,0.5,0.5,0.5,0.5,0.5,0.5,0.5,0.5,0.5,0.5,0.5,0.5,0.5,0.5,0.5,0.5,0.5,0.5,0.5,0.5,0.5,0.5,0.5,0.5,0.5,0.5,0.5,0.5,0.5,0.5,0.5,0.5,0.5,0.5,0.5,0.5,0.5,0.5,0.5,0.5,0.5,0.5,0.5,0.5,0.5,0.5,0.5,0.5,0.5,0.5,0.5,0.5,0.5,0.5,0.5,0.5,0.5,0.5,0.5,0.5,0.5,0.5,0.5,0.5,0.5,0.5,0.5,0.5,0.5,0.5,0.5,0.5,0.5,0.5,0.5,0.5,0.5,0.5,0.5,0.5,0.5,0.5,0.5,0.5,0.5,0.5,0.5,0.5,0.5,0.5,0.5,0.5,0.5,0.5,0.5,0.5,0.5,0.5,0.5,0.5,0.5,0.5,0.5,0.5,0.5,0.5,0.5,0.5,0.5,0.5,0.5,0.5,0.5,0.5,0.5,0.5,0.5,0.5,0.5,0.5,0.5,0.5,0.5,0.5,0.5,0.5,0.5,0.5,0.5,0.5,0.5,0.5,0.5,0.5,0.5,0.5,0.5,0.5,0.5,0.5,0.5,0.5,0.5,0.5,0.5,0.5,0.5,0.5,0.5,0.5,0.5,0.5,0.5,0.5,0.5,0.5,0.5,0.5,0.5,0.5,0.0,0.0,0.0,0.0,0.0,0.0,0.0,0.0,0.0,0.0,0.0,0.0,0.0,0.0,0.0,0.0,0.0,0.0,0.0,0.0,0.0,0.0,0.0,0.0,0.0,0.0,0.0,0.0,0.0,0.0,0.0,0.0,0.0,0.0,0.0,0.0,0.0,0.0,0.0,0.0,0.0,0.0,0.0,0.0,0.0,0.0,0.0,0.0,0.0,0.0,0.0,0.0,0.0,0.0,0.0,0.0,0.0,0.0,0.0,0.0,0.0,0.0,0.0,0.0,0.0,0.0,0.0,0.0,0.0,0.0,0.0,0.0,0.0,0.0,0.0,0.0,0.0,0.0,0.0,0.0,0.0,0.0,0.0,0.0,0.0,0.0,0.0,0.0,0.0,0.0,0.0,0.0,0.0,0.0,0.0,0.0,0.0,0.0,0.0,0.0,0.5,0.5,0.5,0.5,0.5,0.5,0.5,0.5,0.5,0.5,0.5,0.5,0.5,0.5,0.5,0.5,0.5,0.5,0.5,0.5,0.5,0.5,0.5,0.5,0.5,0.5,0.5,0.5,0.5,0.5,0.5,0.5,0.5,0.5,0.5,0.5,0.5,0.5,0.5,0.5,0.5,0.5,0.5,0.5,0.5,0.5,0.5,0.5,0.5,0.5,0.5,0.5,0.5,0.5,0.5,0.5,0.5,0.5,0.5,0.5,0.5,0.5,0.5,0.5,0.5,0.5,0.5,0.5,0.5,0.5,0.5,0.5,0.5,0.5,0.5,0.5,0.5,0.5,0.5,0.5,0.5,0.5,0.5,0.5,0.5,0.5,0.5,0.5,0.5,0.5,0.5,0.5,0.5,0.5,0.5,0.5,0.5,0.5,0.5,0.5,0.5,0.5,0.5,0.5,0.5,0.5,0.5,0.5,0.5,0.5,0.5,0.5,0.5,0.5,0.5,0.5,0.5,0.5,0.5,0.5,0.5,0.5,0.5,0.5,0.5,0.5,0.5,0.5,0.5,0.5,0.5,0.5,0.5,0.5,0.5,0.5,0.5,0.5,0.5,0.5,0.5,0.5,0.5,0.5,0.5,0.5,0.5,0.5,0.5,0.5,0.5,0.5,0.5,0.5,0.5,0.5,0.5,0.5,0.5,0.5,0.5,0.5,0.5,0.5,0.5,0.5,0.5,0.5,0.5,0.5,0.5,0.5,0.5,0.5,0.5,0.5,0.5,0.5,0.5,0.5,0.5,0.5,0.5,0.5,0.5,0.5,0.5,0.5,0.5,0.5,0.5,0.5,0.5,0.5,0.5,0.5,0.5,0.5,0.5,0.5,0.0,0.0,0.0,0.0,0.0,0.0,0.0,0.0,0.0,0.0,0.0,0.0,0.0,0.0,0.0,0.0,0.0,0.0,0.0,0.0,0.0,0.0,0.0,0.0,0.0,0.0,0.0,0.0,0.0,0.0,0.0,0.0,0.0,0.0,0.0,0.0,0.0,0.0,0.0,0.0,0.0,0.0,0.0,0.0,0.0,0.0,0.0,0.0,0.0,0.0,0.0,0.0,0.0,0.0,0.0,0.0,0.0,0.0,0.0,0.0,0.0,0.0,0.0,0.0,0.0,0.0,0.0,0.0,0.0,0.0,0.0,0.0,0.0,0.0,0.0,0.0,0.0,0.0,0.0,0.0,0.0,0.0,0.0,0.0,0.0,0.0,0.0,0.0,0.0,0.0,0.0,0.0,0.0,0.0,0.0,0.0,0.0,0.0,0.0,0.0,0.0]

Cone linearizations applied:  9016

Root node processing (before b&c):
  Real time             =    2.60 sec. (2893.13 ticks)
Sequential b&c:
  Real time             =    0.50 sec. (463.29 ticks)
                          ------------
Total (root+branch&cut) =    3.10 sec. (3356.42 ticks)
