WARNING: Repeated integer solution without converging
#SOLVERNAME# PAJ_GLPK_ECOS
#SOLVER# Pajarito.PajaritoSolver(3, 3600.0, 1.0e-5, false, GLPKMathProgInterface.GLPKInterfaceMIP.GLPKSolverMIP(true, Any[(:msg_lev, 0), (:tol_int, 1.0e-9), (:tol_bnd, 1.0e-8), (:mip_gap, 0.0)]), Pajarito.UnsetSolver(), 0, false, true, ECOS.ECOSSolver(Any[(:verbose, false), (:reltol, 1.0e-10), (:feastol, 1.0e-10), (:reltol_inacc, 1.0e-5), (:feastol_inacc, 1.0e-8)]), true, true, false, false, true, false, false, true, false, true, true, true, true, false, true, 10.0, false, false, false, true, 1.0e-12, 1.0e-8, false, "")
#INSTANCE# pp-n1000-d10.cbf.gz
#TIMELIMIT# 3600.0

Problem dimensions:
       variables |    5000
     constraints |    3001
   nonzeros in A |    5969

Cones summary:
Cone             | Count   | Min dim.  | Max dim. 
    Rotated S.O. |    1000 |         3 |         3

Variable types:
      continuous |    4000
         integer |    1000

Transforming data...               0.00s

Creating conic subproblem...       0.00s

Building MIP model...              0.02s

Solving conic relaxation...        0.07s
 - Relaxation status    =        Optimal
 - Relaxation bound     =    7330.101124

Starting iterative algorithm

Iter. | Best feasible  | Best bound     | Rel. gap    | Time (s)   
    1 |  +7.867575e+03 |  +7.330346e+03 |   6.828e-02 |   3.605e+03

Iterative algorithm summary:
 - Status               =      UserLimit
 - Best feasible        =  +7.867575e+03
 - Best bound           =  +7.330346e+03
 - Relative opt. gap    =      6.828e-02
 - Total time (s)       =       3.61e+03

Timers (s):
 - Setup                =   2.52e-02
 -- Transform data      =   2.93e-03
 -- Create conic data   =   8.58e-04
 -- Create MIP data     =   2.14e-02
 - Algorithm            =   3.61e+03
 -- Solve relaxation    =   7.23e-02
 -- Get relaxation cuts =   4.27e-03
 -- Solve MIP models    =   3.60e+03
 -- Solve subproblems   =   5.03e-02
 -- Get subproblem cuts =   2.00e-02
 -- Get separation cuts =   1.97e-04

Counters:
 - Iterations           =     1
 -- Integer repeats     =     0
 -- Conic subproblems   =     1
 --- Infeasible         =     0
 --- Optimal            =     1
 --- Suboptimal         =     0
 --- UserLimit          =     0
 --- ConicFailure       =     0
 --- Other status       =     0
 -- Feasible solutions  =     1
 --- From subproblems   =     1
 --- From MIP solve     =     0

Solution returned by conic solver

Rounds of full separation/subproblem cuts, and count of cuts added:
Cone             | Subp.  | Sep.   | Total  | Relax. | Viol. 
    Second order |   2000 |      0 |   2009 |   2000 |   1977

9 numerically unstable disaggregated SOC cuts

Distance to feasibility (negative indicates strict feasibility):
Cone             | Variable  | Constraint
          Linear | -1.00e+00 |  1.39e-11
    Rotated S.O. |  4.77e-11 |        NA

Distance to integrality of integer/binary variables:
         integer |  0.00e+00

#STATUS# UserLimit
#OBJVAL# 7867.574617676843
#OBJBOUND# 7330.345981350853
#NODECOUNT# NaN
#TIMESOLVER# 3605.1597669124603
#TIMEALL# 3605.1967561244965
#SOLUTION# [4.0,3.0,4.0,11.0,7.0,4.0,5.0,4.0,1.0,4.0,4.0,4.0,4.0,3.0,4.0,4.0,2.0,5.0,8.0,4.0,4.0,9.0,4.0,4.0,4.0,4.0,4.0,2.0,6.0,4.0,10.0,5.0,3.0,4.0,4.0,4.0,3.0,4.0,4.0,3.0,4.0,3.0,4.0,4.0,3.0,4.0,4.0,3.0,4.0,4.0,4.0,4.0,12.0,2.0,2.0,5.0,4.0,3.0,4.0,4.0,4.0,9.0,4.0,3.0,4.0,10.0,5.0,4.0,9.0,5.0,10.0,6.0,9.0,3.0,4.0,3.0,4.0,4.0,4.0,10.0,3.0,11.0,7.0,4.0,1.0,8.0,9.0,2.0,5.0,5.0,4.0,15.0,4.0,5.0,4.0,4.0,4.0,5.0,9.0,3.0,12.0,4.0,12.0,5.0,4.0,9.0,4.0,5.0,6.0,4.0,1.0,8.0,4.0,3.0,3.0,11.0,2.0,4.0,4.0,4.0,4.0,6.0,12.0,9.0,4.0,8.0,4.0,4.0,4.0,9.0,3.0,4.0,4.0,4.0,4.0,4.0,4.0,4.0,7.0,8.0,4.0,5.0,2.0,4.0,4.0,2.0,12.0,3.0,12.0,4.0,4.0,4.0,3.0,3.0,5.0,5.0,3.0,5.0,4.0,5.0,3.0,4.0,4.0,4.0,3.0,11.0,2.0,5.0,4.0,8.0,13.0,10.0,4.0,7.0,11.0,4.0,5.0,5.0,5.0,4.0,1.0,4.0,4.0,7.0,5.0,2.0,2.0,4.0,3.0,3.0,8.0,4.0,4.0,4.0,3.0,4.0,4.0,4.0,2.0,4.0,3.0,13.0,4.0,5.0,5.0,3.0,4.0,5.0,4.0,4.0,3.0,8.0,5.0,4.0,4.0,7.0,2.0,4.0,4.0,4.0,9.0,4.0,3.0,3.0,3.0,4.0,4.0,4.0,9.0,4.0,7.0,5.0,4.0,4.0,10.0,5.0,3.0,3.0,4.0,3.0,4.0,3.0,4.0,5.0,2.0,4.0,3.0,1.0,4.0,9.0,5.0,4.0,5.0,5.0,4.0,6.0,5.0,4.0,4.0,4.0,4.0,5.0,4.0,4.0,5.0,4.0,4.0,4.0,3.0,5.0,4.0,2.0,4.0,4.0,5.0,4.0,5.0,3.0,3.0,5.0,4.0,3.0,4.0,8.0,5.0,4.0,4.0,7.0,1.0,6.0,4.0,4.0,15.0,4.0,9.0,4.0,4.0,2.0,4.0,2.0,3.0,4.0,3.0,3.0,3.0,4.0,5.0,5.0,8.0,4.0,4.0,11.0,4.0,4.0,4.0,4.0,4.0,3.0,4.0,3.0,11.0,5.0,3.0,8.0,4.0,4.0,4.0,4.0,4.0,4.0,8.0,3.0,5.0,8.0,4.0,11.0,4.0,5.0,3.0,3.0,5.0,4.0,5.0,4.0,4.0,5.0,4.0,4.0,5.0,2.0,5.0,4.0,8.0,4.0,3.0,11.0,4.0,4.0,3.0,5.0,5.0,3.0,5.0,3.0,1.0,5.0,4.0,4.0,4.0,5.0,7.0,4.0,9.0,2.0,3.0,4.0,4.0,4.0,4.0,5.0,4.0,7.0,4.0,2.0,4.0,3.0,4.0,6.0,4.0,5.0,4.0,6.0,5.0,11.0,2.0,5.0,9.0,9.0,4.0,5.0,3.0,4.0,4.0,5.0,2.0,4.0,8.0,9.0,4.0,4.0,3.0,4.0,5.0,5.0,4.0,4.0,5.0,3.0,4.0,4.0,7.0,4.0,5.0,4.0,4.0,4.0,3.0,4.0,4.0,8.0,4.0,9.0,3.0,3.0,3.0,7.0,4.0,4.0,3.0,4.0,4.0,4.0,5.0,3.0,2.0,4.0,2.0,8.0,3.0,4.0,4.0,5.0,8.0,2.0,8.0,4.0,6.0,4.0,4.0,7.0,8.0,6.0,10.0,2.0,2.0,4.0,4.0,11.0,5.0,2.0,3.0,4.0,4.0,4.0,4.0,5.0,4.0,4.0,5.0,4.0,4.0,3.0,7.0,4.0,11.0,4.0,3.0,4.0,16.0,11.0,11.0,3.0,4.0,4.0,4.0,7.0,4.0,4.0,5.0,2.0,4.0,9.0,4.0,4.0,3.0,5.0,4.0,4.0,3.0,2.0,2.0,4.0,10.0,4.0,4.0,4.0,11.0,4.0,3.0,3.0,10.0,9.0,5.0,5.0,4.0,3.0,4.0,4.0,8.0,5.0,4.0,2.0,3.0,4.0,4.0,8.0,4.0,4.0,2.0,5.0,3.0,2.0,4.0,15.0,5.0,4.0,4.0,4.0,4.0,8.0,4.0,10.0,6.0,5.0,3.0,4.0,3.0,3.0,4.0,4.0,2.0,4.0,5.0,4.0,5.0,15.0,3.0,4.0,7.0,4.0,4.0,3.0,4.0,4.0,4.0,5.0,2.0,5.0,6.0,5.0,3.0,3.0,2.0,3.0,4.0,5.0,4.0,5.0,4.0,4.0,5.0,5.0,4.0,11.0,4.0,9.0,9.0,4.0,4.0,7.0,5.0,5.0,4.0,4.0,4.0,4.0,8.0,2.0,4.0,1.0,4.0,4.0,6.0,5.0,4.0,4.0,5.0,10.0,5.0,5.0,4.0,4.0,2.0,4.0,3.0,4.0,4.0,4.0,9.0,5.0,2.0,4.0,5.0,4.0,4.0,4.0,4.0,4.0,4.0,5.0,3.0,5.0,9.0,4.0,4.0,9.0,4.0,4.0,5.0,4.0,4.0,6.0,4.0,14.0,4.0,4.0,4.0,8.0,5.0,4.0,3.0,4.0,4.0,7.0,8.0,5.0,3.0,4.0,4.0,5.0,3.0,3.0,2.0,3.0,5.0,4.0,4.0,6.0,4.0,8.0,4.0,8.0,10.0,6.0,4.0,5.0,8.0,4.0,3.0,5.0,5.0,5.0,5.0,10.0,4.0,5.0,5.0,4.0,4.0,5.0,4.0,4.0,11.0,5.0,4.0,4.0,4.0,3.0,2.0,4.0,6.0,4.0,14.0,4.0,4.0,5.0,4.0,3.0,3.0,4.0,4.0,4.0,4.0,3.0,4.0,9.0,4.0,4.0,4.0,9.0,12.0,4.0,10.0,4.0,4.0,2.0,4.0,3.0,7.0,4.0,5.0,9.0,3.0,5.0,3.0,4.0,1.0,2.0,5.0,4.0,4.0,4.0,4.0,4.0,4.0,3.0,5.0,4.0,3.0,4.0,7.0,4.0,4.0,3.0,4.0,4.0,5.0,4.0,4.0,8.0,9.0,8.0,4.0,4.0,7.0,3.0,4.0,5.0,4.0,2.0,6.0,4.0,4.0,4.0,4.0,4.0,4.0,3.0,4.0,4.0,4.0,4.0,6.0,4.0,4.0,4.0,4.0,5.0,4.0,10.0,11.0,5.0,4.0,3.0,3.0,4.0,4.0,3.0,5.0,10.0,4.0,3.0,4.0,2.0,4.0,5.0,9.0,4.0,3.0,4.0,4.0,8.0,12.0,5.0,4.0,11.0,4.0,4.0,3.0,4.0,4.0,4.0,3.0,2.0,3.0,4.0,4.0,4.0,4.0,4.0,4.0,4.0,5.0,4.0,4.0,4.0,7.0,4.0,5.0,4.0,4.0,8.0,3.0,3.0,5.0,3.0,4.0,4.0,2.0,4.0,2.0,5.0,5.0,4.0,3.0,3.0,4.0,3.0,4.0,2.0,4.0,8.0,3.0,2.0,8.0,3.0,5.0,4.0,8.0,4.0,8.0,5.0,4.0,4.0,8.0,7.0,2.0,4.0,4.0,4.0,9.0,4.0,5.0,5.0,8.0,4.0,3.0,3.0,4.0,10.0,4.0,4.0,5.0,6.0,10.0,4.0,4.0,4.0,4.0,3.0,4.0,4.0,5.0,3.0,4.0,5.0,3.0,4.0,4.0,3.0,4.0,3.0,11.0,5.0,4.0,3.0,7.0,4.0,4.0,3.0,8.0,4.0,5.0,4.0,4.0,8.0,4.0,9.0,3.0,5.0,4.0,3.0,8.0,4.0,9.0,3.0,5.0,2.0,10.0,7.0,11.0,3.0,4.0,5.0,10.0,3.0,2.0,8.0,4.0,4.0,7.0,2.0,4.0,8.0,2.0,4.0,10.0,3.0,3.0,3.0,4.0,3.0,4.0,4.0,4.0,4.0,4.0,5.0,4.0,9.0,3.0,4.0,3.0,3.0,4.0,4.0,4.0,7.0,5.0,10.0,4.0,5.0,9.0,5.0,5.0,5.0,4.0,4.0,5.0,4.0,0.2499999991640999,0.3333333322270191,0.24999999915939788,0.09090909060273435,0.14285714237786276,0.24999999915898924,0.19999999932677692,0.24999999915893434,0.9999999966566727,0.2499999991669486,0.2499999991597083,0.2499999991621475,0.2499999991599895,0.3333333322183633,0.249999999164504,0.2499999991599569,0.49999999833534764,0.19999999932894666,0.12499999957923809,0.24999999916018983,0.24999999915898177,0.11111111073709894,0.24999999916191537,0.24999999919115992,0.2499999991604163,0.24999999916091234,0.24999999916034774,0.49999999832739467,0.16666666610599956,0.24999999915986434,0.09999999966395695,0.19999999932785908,0.33333333228301315,0.2499999991592293,0.2499999991637529,0.24999999915932014,0.3333333322159195,0.24999999915950583,0.2499999991619534,0.3333333322467412,0.24999999916405813,0.3333333322200757,0.24999999915933255,0.24999999915821777,0.33333333221298256,0.24999999915958807,0.2499999991613351,0.333333332237386,0.2499999991608989,0.249999999161344,0.2499999991592317,0.24999999917030852,0.08333333305024969,0.4999999983238712,0.4999999983452917,0.19999999932717633,0.24999999915884627,0.33333333221950223,0.24999999915972984,0.24999999915998042,0.24999999916152657,0.11111111073344063,0.24999999915897178,0.33333333222319056,0.24999999916065108,0.09999999966023052,0.19999999932915777,0.24999999918043878,0.11111111073607868,0.19999999932666607,0.0999999996599424,0.1666666661066512,0.1111111107366306,0.33333333224911693,0.24999999915937143,0.3333333322142323,0.2499999991596034,0.24999999915823667,0.24999999916971122,0.09999999966474922,0.33333333221686834,0.09090909059817989,0.14285714237579128,0.24999999915929813,0.999999996656704,0.1249999995772794,0.11111111073580292,0.49999999832661907,0.1999999993288728,0.19999999932673174,0.2499999991560907,0.06666666641787783,0.24999999917004842,0.19999999932897733,0.24999999915882126,0.24999999916158017,0.24999999915888843,0.1999999993253608,0.11111111073588448,0.333333332221043,0.08333333304886552,0.24999999915949248,0.08333333305305791,0.1999999993243294,0.24999999916239388,0.11111111073776338,0.2499999991607519,0.1999999993283353,0.1666666661050328,0.24999999916106722,0.9999999966656371,0.1249999995792038,0.24999999915915563,0.33333333221925604,0.3333333322148921,0.09090909059728242,0.4999999983280774,0.24999999915855944,0.2499999991619173,0.24999999917685936,0.24999999916133844,0.16666666610605121,0.08333333304529762,0.11111111073185477,0.24999999916167132,0.12499999957869136,0.24999999915941362,0.249999999160642,0.24999999916082877,0.11111111073663958,0.33333333221867817,0.2499999991589433,0.24999999916067941,0.24999999915899382,0.24999999916207877,0.24999999916088952,0.24999999915916168,0.2499999991589984,0.1428571423763112,0.12499999957853337,0.24999999915999707,0.19999999932858448,0.4999999983226265,0.24999999916168392,0.2499999991597084,0.4999999983428512,0.08333333304868913,0.33333333222342443,0.08333333306191165,0.24999999916162702,0.2499999991607972,0.2499999991802164,0.33333333222385075,0.33333333223233536,0.19999999932931728,0.19999999932549423,0.33333333221816014,0.19999999932700943,0.2499999991592027,0.19999999932472606,0.33333333221692674,0.24999999916018473,0.24999999915904117,0.24999999916440996,0.3333333322139143,0.09090909060311154,0.4999999983322249,0.19999999932964432,0.2499999991597149,0.12499999957876949,0.07692307667061705,0.09999999966058674,0.2499999991613823,0.14285714237711006,0.09090909059611156,0.2499999991601496,0.19999999932783005,0.1999999993271635,0.19999999933009494,0.2499999991617229,0.9999999967447036,0.2499999991629626,0.24999999915874238,0.14285714237622907,0.19999999932656895,0.4999999983279635,0.4999999983268888,0.24999999916733956,0.33333333221629097,0.3333333322472485,0.12499999957767968,0.2499999991592982,0.2499999991506715,0.2499999991638093,0.33333333222089623,0.24999999916322882,0.24999999916442897,0.24999999916015575,0.4999999983583933,0.24999999915799506,0.3333333322180244,0.07692307666700902,0.24999999915981078,0.19999999932910376,0.19999999932445908,0.33333333222011025,0.24999999916386667,0.19999999932665655,0.24999999916302967,0.24999999915906257,0.33333333222959044,0.12499999958070623,0.1999999993267669,0.249999999161056,0.24999999916143473,0.14285714237585614,0.49999999832780284,0.24999999915852328,0.24999999915754936,0.24999999916519966,0.11111111073372243,0.24999999916399884,0.33333333221415834,0.333333332220411,0.3333333322115761,0.24999999916408697,0.24999999915970117,0.2499999991724411,0.11111111073675475,0.24999999916171325,0.1428571423762779,0.1999999993269468,0.24999999915941612,0.2499999991597734,0.0999999996625724,0.1999999993279621,0.33333333224187456,0.3333333322195567,0.24999999916116897,0.33333333227019213,0.2499999991598656,0.3333333322235858,0.249999999161681,0.1999999993277464,0.4999999983314356,0.24999999915992624,0.33333333221566047,0.99999999668523,0.24999999916012072,0.11111111072582987,0.19999999932667925,0.24999999916334778,0.19999999932699733,0.1999999993277909,0.24999999916099647,0.16666666610525552,0.19999999933164084,0.2499999991591821,0.24999999915918983,0.24999999915936,0.24999999915958598,0.19999999933063498,0.24999999916116256,0.24999999916021431,0.1999999993268224,0.24999999916227011,0.24999999916389337,0.24999999916347454,0.33333333225490586,0.19999999932758952,0.2499999991616568,0.499999998385642,0.24999999916394422,0.24999999915845877,0.1999999993287839,0.24999999915970447,0.19999999932825063,0.33333333222089695,0.3333333322212398,0.1999999993276401,0.24999999916106902,0.3333333322357646,0.24999999916242,0.12499999958025347,0.19999999933236762,0.24999999915671878,0.24999999915898555,0.14285714237582922,0.999999996651281,0.1666666661053996,0.2499999991582499,0.24999999915964177,0.06666666644050154,0.2499999991604672,0.11111111073854067,0.24999999916606355,0.249999999168501,0.49999999832648073,0.24999999915934593,0.49999999832717407,0.3333333322149264,0.24999999916211924,0.3333333322135705,0.3333333322148702,0.3333333322178619,0.24999999916389742,0.19999999932979573,0.19999999932828066,0.12499999957701213,0.24999999916773286,0.24999999915991125,0.09090909059245426,0.24999999916046617,0.24999999916088997,0.24999999916097743,0.24999999916612922,0.24999999916483054,0.3333333322268369,0.24999999916097163,0.33333333223237777,0.09090909060494035,0.19999999932724222,0.3333333322275245,0.12499999957860845,0.24999999916341656,0.24999999915781362,0.24999999916085602,0.24999999916983282,0.24999999916004542,0.24999999915914545,0.12499999957894856,0.3333333322169798,0.1999999993282469,0.12499999957789129,0.24999999916073776,0.09090909060278494,0.24999999916190044,0.19999999932972892,0.3333333322195055,0.3333333322162863,0.19999999932622775,0.2499999991624005,0.1999999993272514,0.24999999915808502,0.24999999916188018,0.1999999993266831,0.2499999991592111,0.24999999915953156,0.19999999932672716,0.4999999983439401,0.1999999993297734,0.24999999916668822,0.12499999957866632,0.24999999915944526,0.3333333322186324,0.09090909058684522,0.24999999915830898,0.24999999915995982,0.33333333222594325,0.1999999993269648,0.19999999932725895,0.33333333221612416,0.19999999932751547,0.33333333222401174,0.9999999966519703,0.19999999932443124,0.24999999916343743,0.24999999916022717,0.24999999915988358,0.19999999932945478,0.1428571423758169,0.24999999917874907,0.11111111073635097,0.49999999834694786,0.33333333226325984,0.24999999915986995,0.2499999991598435,0.24999999916098714,0.24999999916303722,0.19999999932640705,0.24999999915952675,0.142857142376001,0.24999999916140508,0.499999998349513,0.2499999991590885,0.3333333322352714,0.2499999991604188,0.16666666610601233,0.2499999991624327,0.19999999932790116,0.24999999916109708,0.16666666610657604,0.19999999932670437,0.0909090905974047,0.4999999983253989,0.19999999932679585,0.1111111107421025,0.11111111073265202,0.24999999916758148,0.19999999932469184,0.33333333221635725,0.2499999991609047,0.2499999991625031,0.19999999932705237,0.49999999832963754,0.24999999916196242,0.1249999995795301,0.11111111073773292,0.24999999916414303,0.24999999916102628,0.33333333221977796,0.2499999991614935,0.1999999993264201,0.19999999932790527,0.24999999916257448,0.24999999915983864,0.199999999328297,0.33333333221780015,0.2499999991612697,0.24999999915899368,0.14285714237579716,0.24999999915919285,0.19999999932616597,0.2499999991587283,0.24999999915895885,0.2499999991665586,0.3333333322150237,0.24999999915870402,0.24999999916086993,0.12499999957843659,0.24999999916125853,0.11111111073482716,0.33333333221541955,0.33333333221630185,0.3333333322141816,0.14285714237583794,0.2499999991598868,0.2499999991597752,0.3333333322202798,0.24999999915891413,0.2499999991607586,0.24999999916035626,0.1999999993276093,0.3333333322155729,0.4999999983259696,0.2499999991626548,0.4999999983295067,0.12499999957840012,0.3333333322163788,0.249999999162197,0.24999999916308577,0.19999999932756868,0.12499999957960951,0.4999999983300979,0.12499999957877528,0.24999999915907795,0.166666666105701,0.24999999915954874,0.2499999991590342,0.14285714237625524,0.12499999958008666,0.1666666661050649,0.09999999965930101,0.4999999983323674,0.49999999832835496,0.24999999916032267,0.2499999991605224,0.09090909060338656,0.199999999326869,0.49999999832899034,0.33333333222008094,0.24999999915983306,0.2499999991590743,0.2499999991673174,0.24999999916502796,0.19999999932761275,0.24999999917278493,0.2499999991618565,0.19999999932676413,0.24999999916256163,0.24999999915991064,0.3333333322163805,0.14285714237776664,0.2499999991628242,0.090909090600089,0.24999999916074253,0.3333333322166749,0.24999999916258478,0.06249999979689573,0.09090909060494161,0.0909090906011562,0.3333333322161187,0.24999999915017573,0.24999999915455173,0.24999999916416948,0.14285714237595684,0.24999999915793655,0.24999999916211577,0.19999999932815676,0.49999999832197084,0.24999999916220547,0.11111111072933713,0.2499999991588365,0.24999999916118204,0.3333333322564534,0.1999999993272153,0.24999999916857993,0.24999999915986756,0.33333333221767414,0.49999999833363434,0.49999999836802167,0.2499999991605659,0.0999999996582645,0.24999999916716956,0.24999999915897503,0.24999999915872936,0.09090909060226463,0.2499999991589246,0.3333333322192933,0.33333333222525374,0.09999999966257261,0.1111111107361624,0.1999999993282329,0.19999999932726975,0.24999999916105894,0.33333333221858896,0.24999999916463098,0.2499999991593739,0.12499999957986764,0.19999999932900858,0.2499999991606169,0.49999999833043984,0.3333333322223121,0.24999999915974205,0.2499999991591462,0.12499999957868815,0.2499999991611813,0.2499999991593794,0.4999999983348045,0.19999999932687243,0.33333333221553074,0.4999999983468189,0.2499999991610563,0.06666666641480729,0.19999999932670814,0.24999999918954757,0.2499999991612351,0.24999999916545562,0.24999999916391097,0.12499999957871459,0.2499999991588027,0.0999999996533926,0.16666666610637215,0.1999999993295506,0.3333333322179024,0.24999999915890575,0.33333333222668116,0.3333333322146844,0.2499999991591928,0.24999999916169596,0.49999999832676845,0.24999999915898305,0.19999999932852583,0.24999999916108237,0.19999999932659035,0.06666666644165022,0.3333333322271815,0.2499999991590715,0.14285714237577904,0.24999999916058901,0.24999999915919438,0.33333333221775135,0.24999999917191634,0.2499999991633911,0.24999999916388427,0.19999999932846843,0.4999999983287767,0.19999999932819582,0.16666666610642666,0.19999999932869167,0.3333333322137823,0.33333333222327544,0.4999999983344543,0.33333333222139516,0.2499999991664646,0.1999999993295062,0.24999999916041005,0.19999999932675278,0.24999999916204027,0.2499999991627939,0.19999999932810175,0.19999999932791915,0.2499999991618573,0.09090909061146063,0.24999999916008306,0.1111111107364032,0.11111111073534552,0.24999999916091203,0.24999999916020016,0.14285714237635577,0.1999999993294636,0.19999999932705892,0.24999999916006932,0.24999999916167606,0.2499999991605348,0.2499999991600487,0.12499999957776681,0.49999999835845726,0.24999999916809762,0.9999999966501597,0.24999999915961965,0.2499999991613185,0.16666666610681688,0.19999999932945192,0.24999999915894772,0.24999999916115248,0.1999999993268674,0.09999999966254954,0.19999999932796594,0.1999999993291853,0.24999999916100807,0.24999999915929086,0.49999999833566844,0.24999999915695414,0.3333333322205853,0.24999999915976137,0.2499999991635225,0.24999999916099025,0.11111111073340584,0.19999999933079432,0.49999999832739034,0.24999999915852222,0.19999999932712856,0.24999999916235366,0.24999999915981894,0.24999999915914223,0.2499999991589633,0.24999999915901144,0.24999999915584223,0.19999999932622672,0.33333333221569017,0.19999999932675844,0.11111111073794798,0.2499999991598245,0.24999999916670568,0.11111111073552024,0.24999999916308424,0.24999999916367044,0.19999999932670157,0.2499999991647148,0.24999999916143462,0.16666666610444983,0.24999999916220159,0.07142857115506233,0.24999999916227816,0.24999999916058002,0.2499999991603325,0.12499999957966836,0.19999999932745824,0.24999999915882262,0.3333333322170341,0.2499999991639703,0.24999999916186072,0.14285714237678543,0.12499999957901461,0.19999999932618884,0.3333333322226232,0.24999999915948004,0.24999999915895726,0.19999999932689266,0.33333333222118433,0.3333333322396189,0.49999999832468556,0.33333333222032385,0.19999999932724805,0.24999999916293783,0.24999999916132476,0.16666666610778033,0.24999999915960638,0.1249999995769295,0.24999999915864993,0.12499999957960677,0.09999999965602019,0.1666666661086387,0.2499999991627104,0.19999999932964485,0.12499999957722442,0.24999999915967513,0.3333333322402563,0.19999999932565887,0.19999999932963572,0.19999999932786763,0.1999999993281804,0.09999999966003545,0.24999999916120336,0.1999999993251901,0.19999999933382714,0.2499999991626202,0.2499999991616614,0.199999999327767,0.2499999991594663,0.249999999159206,0.09090909059728582,0.19999999932821022,0.24999999916024962,0.2499999991620111,0.2499999991624799,0.3333333322386521,0.4999999984121505,0.24999999916198606,0.16666666610756517,0.24999999916372173,0.07142857119515683,0.24999999916226756,0.24999999915896712,0.19999999932695908,0.24999999916765514,0.33333333222049183,0.3333333322247149,0.24999999916403462,0.24999999916063542,0.24999999916057564,0.2499999991668921,0.33333333221982675,0.24999999915928395,0.11111111073657085,0.2499999991650527,0.24999999915764973,0.24999999915987794,0.11111111073590875,0.08333333304845336,0.24999999916009544,0.09999999966471229,0.2499999991617104,0.24999999916093432,0.49999999835162,0.24999999915848914,0.33333333222482414,0.14285714237633515,0.2499999991612643,0.19999999932696705,0.11111111073562764,0.33333333227927425,0.19999999932674017,0.33333333221377365,0.24999999915951232,0.9999999966602229,0.49999999835171244,0.19999999932648535,0.2499999991591217,0.24999999916335025,0.24999999915930385,0.24999999916134,0.2499999991624339,0.24999999916385612,0.3333333322368655,0.19999999932838405,0.24999999916015841,0.33333333223152933,0.24999999915990964,0.14285714237593788,0.249999999160391,0.24999999916079238,0.33333333222271916,0.24999999916366367,0.24999999916239773,0.19999999932709803,0.24999999916785748,0.2499999991601682,0.12499999957904133,0.11111111073803047,0.12499999957711475,0.2499999991648546,0.24999999916280177,0.14285714237626804,0.3333333322220285,0.24999999915866386,0.1999999993278305,0.24999999916100427,0.49999999832512815,0.166666666107018,0.24999999917135554,0.2499999991589479,0.24999999915981783,0.249999999159257,0.24999999916152443,0.24999999916110974,0.333333332218027,0.24999999916116572,0.24999999916249083,0.24999999916046287,0.24999999916022073,0.1666666661069127,0.24999999915886326,0.2499999991619089,0.2499999991592875,0.2499999991711167,0.19999999933128412,0.2499999991653522,0.09999999966148858,0.09090909060250334,0.19999999932666093,0.24999999915980928,0.3333333322143216,0.3333333322207153,0.24999999916112758,0.24999999916024218,0.3333333322280986,0.19999999932678555,0.0999999996630976,0.24999999916279528,0.3333333322161074,0.249999999162765,0.4999999983297159,0.24999999915873394,0.19999999933054224,0.11111111073606543,0.24999999916341703,0.33333333221420014,0.249999999161605,0.24999999917585872,0.12499999957782693,0.08333333303471635,0.1999999993268004,0.2499999991606387,0.0909090906053892,0.2499999991631759,0.24999999917276608,0.33333333221337225,0.24999999916115484,0.24999999915984636,0.24999999915952917,0.33333333222015804,0.49999999834532205,0.33333333221703915,0.24999999916098758,0.24999999915858062,0.24999999916062865,0.2499999991624891,0.24999999916056154,0.2499999991589408,0.24999999916189256,0.19999999932728166,0.24999999915924306,0.24999999915830476,0.24999999916441226,0.14285714237713723,0.24999999915926177,0.19999999932319698,0.24999999915895954,0.24999999916239496,0.12499999957885369,0.33333333222571015,0.3333333322202357,0.1999999993267724,0.3333333322192586,0.2499999991662609,0.24999999916109833,0.49999999832604947,0.24999999915904159,0.49999999832577485,0.19999999932803067,0.19999999932654294,0.24999999916110183,0.3333333322232735,0.33333333221644296,0.24999999915940907,0.33333333221982026,0.24999999916701976,0.49999999832270514,0.2499999991597144,0.12499999957912444,0.3333333322435432,0.49999999843473064,0.12499999957950984,0.33333333221989386,0.19999999932550036,0.2499999991607227,0.12499999957875875,0.24999999915909243,0.12499999957761043,0.19999999932670454,0.24999999915969268,0.2499999991608871,0.12499999958010835,0.1428571423748291,0.4999999983404622,0.24999999915855123,0.2499999991564983,0.24999999916131943,0.11111111073793326,0.24999999916091173,0.19999999932724205,0.19999999933163126,0.1249999995787353,0.24999999915975665,0.333333332217373,0.3333333322194982,0.24999999915882962,0.09999999966212268,0.2499999991595402,0.24999999915949325,0.19999999932673812,0.1666666661055801,0.09999999966920937,0.24999999915975307,0.24999999916107582,0.24999999916119542,0.24999999916289445,0.33333333221527517,0.2499999991593554,0.2499999991597453,0.19999999932728976,0.3333333322662785,0.2499999991617143,0.19999999932798834,0.333333332218393,0.24999999915955426,0.24999999915961146,0.3333333322162244,0.2499999991643112,0.3333333322249081,0.09090909059824277,0.19999999932854573,0.24999999916096596,0.3333333322257427,0.142857142377484,0.24999999916181181,0.24999999916247317,0.33333333223675427,0.12499999957996122,0.24999999916405466,0.1999999993270258,0.24999999916143176,0.24999999915942228,0.12499999957882722,0.24999999916500645,0.1111111107374579,0.3333333322390162,0.19999999932839496,0.24999999916010546,0.3333333322142305,0.12499999957777008,0.24999999916067045,0.11111111073637536,0.3333333322535404,0.19999999932889106,0.4999999983403986,0.09999999966506884,0.14285714237897418,0.09090909057532819,0.3333333322175172,0.24999999916042845,0.19999999932757362,0.09999999966124339,0.33333333222372535,0.4999999983330065,0.12499999957844239,0.24999999916049273,0.24999999916090812,0.14285714237594688,0.4999999983349334,0.24999999915974955,0.1249999995782871,0.4999999983311363,0.24999999916023688,0.09999999966498396,0.33333333221867145,0.3333333322189723,0.333333332218081,0.2499999991600796,0.33333333221638994,0.2499999991595696,0.2499999991612187,0.24999999916102741,0.24999999915941282,0.24999999916114307,0.19999999932657536,0.2499999991590734,0.1111111107368689,0.33333333221863437,0.2499999991616791,0.3333333322163009,0.3333333322157382,0.24999999917171076,0.2499999991614165,0.24999999916793966,0.14285714237759545,0.19999999932799467,0.09999999966310423,0.24999999915931478,0.19999999932880044,0.11111111073395255,0.19999999932852738,0.19999999933087537,0.1999999993302661,0.24999999916352325,0.2499999991596431,0.19999999932547274,0.24999999915854731,4.000000000000024,0.2499999991640893,1.4142135599999337,3.000000000000002,0.3333333322270147,1.4142135599999968,4.000000000000086,0.24999999915936263,1.414213559999764,11.000000000000057,0.09090909060266125,1.4142135599995693,7.000000000000031,0.14285714237784541,1.4142135599998493,4.000000000000076,0.2499999991589318,1.4142135599997931,5.0000000000000995,0.19999999932672952,1.4142135599996548,4.00000000000008,0.24999999915890486,1.4142135599997803,0.9999999999999989,0.999999996656669,1.4142135600000032,4.0000000000000115,0.24999999916694124,1.4142135599999694,4.000000000000086,0.24999999915967328,1.4142135599997645,4.0000000000000435,0.24999999916213217,1.4142135599998809,4.000000000000072,0.2499999991599644,1.4142135599998011,3.0000000000000173,0.333333332218354,1.4142135599999661,4.000000000000022,0.24999999916449395,1.4142135599999401,4.000000000000081,0.24999999915992613,1.4142135599997756,1.999999999999994,0.49999999833534364,1.41421356000001,5.000000000000052,0.19999999932892737,1.414213559999819,8.000000000000068,0.1249999995791937,1.4142135599996213,4.000000000000088,0.24999999916015128,1.4142135599997596,4.000000000000078,0.24999999915892562,1.4142135599997878,9.000000000000052,0.11111111073706546,1.4142135599996861,4.000000000000046,0.24999999916189913,1.4142135599998713,3.9999999999999996,0.2499999991911578,1.4142135600000016,4.000000000000072,0.24999999916039103,1.4142135599998003,4.000000000000068,0.24999999916088902,1.4142135599998118,4.000000000000073,0.2499999991603222,1.4142135599997987,1.9999999999999867,0.4999999983273874,1.4142135600000214,6.000000000000063,0.16666666610597308,1.414213559999737,4.000000000000081,0.24999999915983387,1.4142135599997767,10.00000000000006,0.09999999966387414,1.414213559999575,5.0000000000000835,0.1999999993278268,1.414213559999709,2.999999999999999,0.33333333228301215,1.414213560000002,4.000000000000087,0.2499999991591923,1.4142135599997614,4.000000000000029,0.2499999991637411,1.4142135599999202,4.000000000000087,0.24999999915928367,1.414213559999762,3.0000000000000284,0.33333333221590544,1.414213559999943,4.000000000000088,0.2499999991594676,1.41421355999976,4.000000000000046,0.24999999916193727,1.4142135599998726,2.999999999999999,0.3333333322467393,1.4142135600000028,4.000000000000026,0.24999999916404717,1.4142135599999297,3.000000000000012,0.33333333222006806,1.4142135599999774,4.000000000000088,0.24999999915928933,1.4142135599997587,3.999999999999979,0.2499999991581366,1.4142135600000734,2.999999999999908,0.33333333221294253,1.414213560000205,4.000000000000082,0.24999999915955654,1.4142135599997732,4.000000000000058,0.2499999991613156,1.4142135599998409,2.9999999999999996,0.3333333322373833,1.414213560000002,4.000000000000062,0.24999999916087784,1.4142135599998282,4.000000000000056,0.24999999916132498,1.414213559999845,4.000000000000085,0.24999999915919757,1.4142135599997663,4.000000000000005,0.24999999917030305,1.4142135599999863,12.000000000000052,0.08333333305013571,1.4142135599995873,1.9999999999999685,0.49999999832386066,1.4142135600000483,1.9999999999999958,0.4999999983452891,1.4142135600000072,5.000000000000088,0.19999999932714052,1.414213559999691,4.000000000000081,0.24999999915879154,1.4142135599997818,3.0000000000000133,0.33333333221949407,1.4142135599999743,4.000000000000088,0.24999999915968832,1.4142135599997583,4.000000000000074,0.2499999991599543,1.4142135599997954,4.000000000000051,0.24999999916150906,1.4142135599998586,9.000000000000068,0.11111111073334852,1.414213559999591,4.000000000000088,0.24999999915893223,1.414213559999759,3.0000000000000058,0.33333333222318484,1.4142135599999897,3.9999999999996727,0.24999999916052587,1.414213560000948,10.00000000000006,0.09999999966014043,1.4142135599995795,4.999999999999685,0.19999999932895374,1.4142135600011416,4.000000000000001,0.2499999991804357,1.4142135599999994,9.000000000000066,0.1111111107360258,1.414213559999595,5.000000000000109,0.19999999932657753,1.4142135599996262,10.000000000000059,0.0999999996598501,1.4142135599995813,6.000000000000057,0.16666666610662725,1.414213559999762,9.00000000000006,0.1111111107365888,1.4142135599996328,2.999999999999999,0.3333333322491151,1.4142135600000028,4.000000000000029,0.24999999915929824,1.4142135599999315,3.0000000000000306,0.333333332214211,1.4142135599999406,4.0000000000000835,0.24999999915957052,1.4142135599997692,3.9999999999999973,0.249999999158158,1.414213560000022,4.000000000000006,0.24999999916970544,1.414213559999984,10.00000000000006,0.09999999966467286,1.4142135599995729,3.0000000000000235,0.3333333322168566,1.414213559999953,11.000000000000048,0.09090909059803431,1.4142135599996344,7.0000000000000835,0.1428571423757271,1.414213559999596,4.000000000000087,0.24999999915925067,1.4142135599997627,0.9999999999999989,0.9999999966567005,1.4142135600000032,8.000000000000068,0.12499999957716548,1.4142135599996348,9.000000000000068,0.11111111073574391,1.4142135599995849,1.9999999999999842,0.4999999983266113,1.4142135600000252,5.000000000000085,0.199999999328839,1.4142135599997008,5.0000000000001,0.19999999932668394,1.4142135599996541,3.9999999999995817,0.24999999915597526,1.4142135600012036,15.000000000000039,0.06666666641774506,1.4142135599995982,4.000000000000005,0.24999999917004287,1.4142135599999857,4.999999999999816,0.199999999328785,1.414213560000679,4.000000000000088,0.24999999915877846,1.4142135599997585,4.000000000000055,0.24999999916156138,1.414213559999847,4.000000000000071,0.24999999915882798,1.4142135599998096,5.000000000000109,0.19999999932524773,1.4142135599996295,9.00000000000007,0.11111111073581413,1.4142135599995784,3.0000000000000098,0.33333333222103606,1.4142135599999823,12.00000000000005,0.08333333304874092,1.4142135599995975,4.000000000000086,0.24999999915945653,1.4142135599997627,12.000000000000053,0.08333333305298178,1.4142135599995669,5.00000000000009,0.19999999932418683,1.4142135599997026,4.000000000000035,0.24999999916238075,1.4142135599999046,9.000000000000043,0.11111111073773594,1.414213559999743,4.000000000000062,0.24999999916073082,1.4142135599998278,5.000000000000093,0.1999999993282964,1.4142135599996786,6.000000000000091,0.16666666610498326,1.414213559999623,4.00000000000006,0.24999999916104693,1.4142135599998342,0.9999999999999932,0.9999999966656345,1.4142135600000065,8.000000000000075,0.12499999957914323,1.4142135599995886,4.000000000000088,0.24999999915911306,1.4142135599997585,3.000000000000014,0.33333333221924766,1.4142135599999728,3.0000000000000324,0.3333333322148744,1.414213559999936,11.000000000000057,0.09090909059721156,1.41421355999957,1.999999999999988,0.4999999983280706,1.4142135600000192,4.000000000000044,0.2499999991584899,1.414213559999886,4.000000000000042,0.24999999916190246,1.4142135599998855,4.000000000000002,0.2499999991768557,1.4142135599999974,4.0000000000000515,0.2499999991613209,1.4142135599998586,6.000000000000072,0.1666666661060204,1.4142135599997012,12.000000000000053,0.08333333304520969,1.4142135599995689,9.000000000000068,0.11111111073176466,1.414213559999589,4.000000000000047,0.24999999916165502,1.4142135599998706,8.000000000000075,0.12499999957862953,1.4142135599995878,4.000000000000086,0.24999999915937773,1.414213559999763,4.000000000000064,0.2499999991606203,1.4142135599998231,4.000000000000075,0.2499999991608023,1.4142135599997936,9.000000000000068,0.11111111073654899,1.4142135599995895,3.000000000000016,0.3333333322186691,1.4142135599999688,4.000000000000072,0.24999999915888338,1.4142135599998062,4.000000000000072,0.24999999916065452,1.4142135599998022,4.000000000000086,0.2499999991589581,1.4142135599997632,4.000000000000043,0.2499999991620635,1.4142135599998813,4.000000000000067,0.24999999916086693,1.414213559999817,4.000000000000088,0.24999999915912244,1.4142135599997592,4.000000000000066,0.2499999991589354,1.4142135599998262,7.000000000000077,0.1428571423762659,1.4142135599996222,8.000000000000073,0.12499999957847528,1.4142135599995909,4.000000000000072,0.2499999991599722,1.4142135599998025,5.00000000000006,0.19999999932856258,1.4142135599997903,1.999999999999947,0.49999999832261344,1.4142135600000796,4.0000000000000515,0.24999999916166626,1.4142135599998575,4.000000000000083,0.24999999915967647,1.414213559999772,1.9999999999999953,0.49999999834284836,1.4142135600000076,12.000000000000053,0.08333333304861985,1.4142135599995695,3.0000000000000053,0.33333333222341877,1.41421355999999,12.000000000000053,0.08333333306181044,1.4142135599995767,4.000000000000056,0.2499999991616081,1.4142135599998458,4.000000000000068,0.2499999991607739,1.4142135599998118,4.000000000000001,0.24999999918021326,1.4142135599999994,3.000000000000005,0.33333333222384537,1.4142135599999912,3.0000000000000004,0.333333332232332,1.4142135600000008,5.00000000000004,0.19999999932930143,1.4142135599998613,5.0000000000000995,0.19999999932535995,1.4142135599996666,3.0000000000000187,0.3333333322181504,1.414213559999964,5.000000000000099,0.199999999326874,1.4142135599996704,4.000000000000086,0.24999999915915302,1.414213559999767,4.9999999999998295,0.199999999324535,1.414213560000631,3.000000000000024,0.33333333221691497,1.4142135599999526,4.000000000000085,0.24999999916015023,1.4142135599997654,4.0000000000000835,0.24999999915898896,1.4142135599997736,4.000000000000022,0.24999999916439986,1.4142135599999397,3.0000000000000266,0.3333333322138908,1.4142135599999495,11.000000000000052,0.09090909060298422,1.41421355999961,1.9999999999999927,0.4999999983322201,1.414213560000012,4.999999999999959,0.19999999932946785,1.4142135600001693,4.000000000000087,0.24999999915967833,1.4142135599997618,8.000000000000075,0.1249999995787051,1.4142135599995864,13.000000000000048,0.07692307667054057,1.414213559999566,10.000000000000059,0.09999999966053154,1.414213559999589,4.000000000000061,0.24999999916136156,1.4142135599998302,7.000000000000081,0.14285714237701885,1.4142135599996124,11.000000000000052,0.09090909059597971,1.414213559999616,4.000000000000079,0.24999999916012072,1.4142135599997827,5.000000000000095,0.19999999932778897,1.414213559999671,5.0000000000001075,0.1999999993270914,1.4142135599996306,5.000000000000031,0.1999999993300812,1.4142135599998895,4.000000000000049,0.24999999916170615,1.4142135599998658,0.9999999999999953,0.999999996744703,1.4142135600000036,4.000000000000034,0.24999999916294982,1.4142135599999088,4.000000000000065,0.24999999915867924,1.4142135599998273,7.000000000000083,0.14285714237615393,1.4142135599995982,5.000000000000104,0.19999999932651286,1.4142135599996415,1.999999999999988,0.4999999983279567,1.4142135600000194,1.9999999999999851,0.49999999832688113,1.4142135600000239,4.000000000000011,0.24999999916733245,1.414213559999972,3.000000000000027,0.33333333221627787,1.4142135599999464,2.999999999999999,0.3333333322472465,1.4142135600000028,8.000000000000073,0.12499999957759232,1.4142135599995975,4.000000000000071,0.24999999915927348,1.4142135599998031,3.9999999999996914,0.2499999991505674,1.414213560000891,4.000000000000025,0.24999999916379842,1.4142135599999306,3.0000000000000098,0.3333333322208892,1.4142135599999817,4.000000000000031,0.2499999991632165,1.4142135599999142,4.000000000000021,0.24999999916441892,1.4142135599999404,4.000000000000073,0.24999999916013002,1.4142135599997976,1.9999999999999967,0.49999999835839154,1.4142135600000054,4.000000000000024,0.24999999915792098,1.414213559999944,3.0000000000000187,0.33333333221801453,1.4142135599999635,13.000000000000044,0.07692307666688777,1.4142135599995898,4.000000000000085,0.2499999991597762,1.4142135599997654,5.000000000000055,0.19999999932908347,1.4142135599998071,5.000000000000104,0.19999999932432996,1.4142135599996517,3.000000000000012,0.3333333322201026,1.4142135599999777,4.000000000000026,0.24999999916385568,1.4142135599999293,5.000000000000072,0.19999999932663032,1.41421355999975,4.000000000000033,0.24999999916301693,1.4142135599999093,4.000000000000054,0.24999999915899573,1.4142135599998578,3.000000000000001,0.3333333322295866,1.4142135599999992,8.00000000000003,0.12499999958068705,1.4142135599998338,5.000000000000109,0.19999999932668217,1.4142135599996268,4.000000000000065,0.24999999916103408,1.4142135599998216,4.000000000000048,0.24999999916141802,1.4142135599998662,7.000000000000083,0.1428571423757967,1.414213559999598,1.9999999999999876,0.4999999983277959,1.4142135600000199,4.000000000000088,0.2499999991584772,1.414213559999761,4.000000000000005,0.24999999915747195,1.4142135599999983,4.000000000000018,0.2499999991651907,1.4142135599999521,9.00000000000007,0.11111111073364663,1.414213559999579,4.000000000000027,0.24999999916398763,1.4142135599999266,3.0000000000000298,0.3333333322141367,1.414213559999942,3.000000000000011,0.3333333322204036,1.4142135599999792,2.999999999999921,0.3333333322115371,1.4142135600001768,4.000000000000024,0.24999999916407642,1.4142135599999346,4.000000000000088,0.24999999915966245,1.4142135599997596,4.0000000000000036,0.24999999917243637,1.4142135599999917,9.000000000000068,0.1111111107366971,1.4142135599995866,4.000000000000047,0.24999999916169682,1.4142135599998698,7.000000000000077,0.14285714237623376,1.4142135599996257,5.000000000000105,0.1999999993268879,1.4142135599996386,4.000000000000088,0.24999999915937654,1.414213559999759,4.000000000000085,0.24999999915973908,1.4142135599997658,10.000000000000059,0.09999999966251592,1.4142135599995864,5.000000000000081,0.19999999932793142,1.414213559999718,2.999999999999999,0.3333333322418722,1.4142135600000025,3.0000000000000133,0.3333333322195486,1.4142135599999746,4.000000000000064,0.2499999991611473,1.4142135599998231,2.999999999999999,0.3333333322701909,1.4142135600000025,4.000000000000073,0.24999999915984011,1.414213559999799,3.0000000000000053,0.3333333322235802,1.4142135599999905,4.000000000000047,0.2499999991616646,1.4142135599998698,5.000000000000063,0.19999999932772353,1.4142135599997805,1.9999999999999922,0.49999999833143044,1.4142135600000127,4.000000000000083,0.24999999915989457,1.4142135599997727,3.0000000000000298,0.3333333322156456,1.4142135599999404,0.9999999999999919,0.9999999966852284,1.4142135600000068,4.000000000000073,0.24999999916009538,1.4142135599997996,9.00000000000006,0.11111111072570555,1.4142135599996364,5.00000000000009,0.19999999932664245,1.4142135599996868,4.000000000000031,0.24999999916333554,1.4142135599999148,5.0000000000001075,0.1999999993269259,1.414213559999631,5.00000000000011,0.19999999932768156,1.4142135599996273,4.000000000000064,0.24999999916097493,1.4142135599998245,6.00000000000009,0.16666666610520828,1.414213559999628,5.000000000000021,0.19999999933162976,1.4142135599999246,4.000000000000085,0.24999999915913224,1.4142135599997674,4.000000000000087,0.24999999915914223,1.414213559999763,4.000000000000087,0.2499999991593128,1.4142135599997623,4.000000000000086,0.24999999915955087,1.4142135599997643,5.000000000000029,0.19999999933062182,1.4142135599998973,4.000000000000058,0.2499999991611431,1.414213559999841,4.000000000000084,0.24999999916018067,1.4142135599997674,5.000000000000108,0.19999999932674584,1.4142135599996288,4.000000000000038,0.24999999916225601,1.4142135599998937,4.000000000000027,0.24999999916388202,1.4142135599999253,4.0000000000000275,0.24999999916346302,1.4142135599999233,2.999999999999999,0.3333333322549042,1.4142135600000028,5.00000000000009,0.19999999932755255,1.4142135599996861,4.0000000000000435,0.24999999916164142,1.4142135599998804,1.9999999999999978,0.49999999838564096,1.4142135600000034,4.000000000000024,0.24999999916393362,1.414213559999934,4.0000000000000435,0.2499999991583888,1.4142135599998902,5.000000000000073,0.19999999932875692,1.414213559999744,4.000000000000079,0.24999999915967533,1.4142135599997816,5.000000000000063,0.19999999932822768,1.4142135599997796,3.0000000000000098,0.3333333322208899,1.4142135599999817,3.0000000000000093,0.33333333222123296,1.4142135599999832,5.000000000000083,0.19999999932760812,1.4142135599997105,4.000000000000064,0.24999999916104743,1.4142135599998238,2.9999999999999996,0.3333333322357618,1.4142135600000019,4.000000000000042,0.24999999916240515,1.4142135599998857,8.00000000000004,0.12499999958022966,1.4142135599997745,5.000000000000018,0.19999999933235751,1.4142135599999375,3.9999999999995977,0.2499999991565985,1.4142135600011596,4.000000000000088,0.24999999915893945,1.414213559999761,7.000000000000083,0.1428571423757705,1.4142135599995984,0.9999999999998189,0.9999999966512754,1.414213560000132,6.00000000000009,0.16666666610535288,1.4142135599996295,3.999999999999819,0.24999999915815427,1.4142135600005301,4.000000000000085,0.24999999915960694,1.4142135599997647,15.00000000000004,0.06666666644043795,1.4142135599995789,4.00000000000007,0.24999999916044313,1.414213559999807,9.000000000000066,0.11111111073844636,1.4142135599995933,4.000000000000014,0.24999999916605536,1.414213559999961,4.000000000000008,0.2499999991684946,1.4142135599999788,1.9999999999999838,0.49999999832647285,1.4142135600000258,4.000000000000086,0.2499999991592965,1.4142135599997663,1.9999999999999858,0.49999999832716663,1.414213560000023,3.0000000000000324,0.3333333322149088,1.414213559999936,4.00000000000004,0.24999999916210475,1.4142135599998897,3.000000000000019,0.3333333322135444,1.414213559999966,3.0000000000000324,0.33333333221485273,1.414213559999936,3.0000000000000195,0.3333333322178518,1.4142135599999617,4.000000000000025,0.24999999916388663,1.4142135599999315,5.00000000000004,0.19999999932977996,1.4142135599998626,5.000000000000061,0.19999999932825832,1.4142135599997856,8.00000000000007,0.12499999957690773,1.41421355999962,4.00000000000001,0.249999999167726,1.4142135599999746,4.0000000000000835,0.24999999915987817,1.4142135599997687,11.00000000000005,0.0909090905923175,1.4142135599996222,4.000000000000071,0.24999999916044166,1.4142135599998045,4.0000000000000595,0.24999999916086993,1.414213559999836,4.000000000000058,0.24999999916095797,1.4142135599998413,4.000000000000014,0.24999999916612106,1.4142135599999612,4.000000000000019,0.2499999991648212,1.4142135599999486,3.000000000000002,0.3333333322268324,1.4142135599999965,4.000000000000061,0.24999999916095086,1.4142135599998304,3.0,0.33333333223237444,1.4142135600000008,11.000000000000057,0.09090909060485741,1.41421355999957,5.000000000000097,0.19999999932719928,1.4142135599996655,3.0000000000000018,0.3333333322275202,1.4142135599999974,8.000000000000073,0.12499999957855165,1.4142135599995924,4.000000000000029,0.24999999916340485,1.4142135599999213,4.000000000000031,0.24999999915774074,1.414213559999927,4.000000000000062,0.2499999991608349,1.4142135599998276,4.000000000000006,0.2499999991698271,1.4142135599999845,4.000000000000079,0.24999999916001622,1.4142135599997812,4.000000000000075,0.24999999915911894,1.4142135599997934,8.000000000000057,0.12499999957891536,1.4142135599996828,3.000000000000023,0.3333333322169683,1.4142135599999544,5.000000000000086,0.19999999932821305,1.4142135599997003,8.000000000000075,0.12499999957781106,1.414213559999591,4.000000000000075,0.24999999916071158,1.414213559999795,11.000000000000048,0.09090909060274198,1.414213559999635,4.000000000000056,0.24999999916188156,1.414213559999846,5.00000000000004,0.19999999932971316,1.4142135599998626,3.0000000000000133,0.33333333221949735,1.4142135599999741,3.0000000000000266,0.3333333322162733,1.414213559999947,5.0000000000000995,0.1999999993260931,1.4142135599996677,4.000000000000043,0.24999999916238544,1.4142135599998833,5.000000000000089,0.1999999993272155,1.4142135599996906,3.999999999999977,0.24999999915800358,1.4142135600000796,4.0000000000000515,0.24999999916186255,1.4142135599998578,5.000000000000108,0.19999999932660717,1.414213559999629,4.000000000000088,0.24999999915917062,1.4142135599997585,4.000000000000088,0.24999999915948792,1.414213559999759,5.000000000000108,0.19999999932664694,1.414213559999628,1.9999999999999956,0.4999999983439374,1.4142135600000074,5.000000000000037,0.19999999932975826,1.414213559999871,4.000000000000012,0.24999999916668061,1.414213559999967,8.000000000000068,0.12499999957862241,1.414213559999623,4.000000000000088,0.2499999991594013,1.414213559999759,3.0000000000000164,0.3333333322186233,1.4142135599999683,11.000000000000053,0.09090909058672833,1.4142135599995975,3.999999999999982,0.24999999915822813,1.4142135600000658,4.000000000000072,0.24999999915993495,1.4142135599998025,3.000000000000003,0.33333333222593853,1.4142135599999954,5.000000000000106,0.19999999932690096,1.4142135599996348,5.000000000000101,0.19999999932720947,1.4142135599996508,3.0000000000000275,0.3333333322161107,1.4142135599999452,5.000000000000085,0.1999999993274817,1.4142135599997008,3.0000000000000044,0.3333333322240064,1.4142135599999917,0.9999999999999817,0.9999999966519656,1.4142135600000163,5.000000000000079,0.199999999324283,1.4142135599997387,4.000000000000029,0.24999999916342555,1.4142135599999193,4.000000000000082,0.24999999916019633,1.4142135599997754,4.000000000000085,0.24999999915984972,1.414213559999767,5.000000000000047,0.19999999932943707,1.4142135599998378,7.0000000000000755,0.14285714237577515,1.4142135599996346,4.000000000000001,0.24999999917874574,1.4142135599999988,9.000000000000068,0.11111111073626133,1.4142135599995886,1.9999999999999958,0.4999999983469454,1.4142135600000068,2.999999999999999,0.33333333226325845,1.4142135600000025,4.000000000000084,0.24999999915983617,1.414213559999767,4.000000000000085,0.24999999915980867,1.4142135599997647,4.00000000000006,0.2499999991609667,1.4142135599998331,4.000000000000033,0.24999999916302465,1.4142135599999113,5.00000000000011,0.19999999932630255,1.414213559999626,4.000000000000085,0.24999999915949198,1.414213559999765,7.000000000000071,0.14285714237596395,1.4142135599996566,4.00000000000006,0.24999999916138485,1.4142135599998344,1.999999999999996,0.4999999983495108,1.4142135600000063,4.000000000000085,0.24999999915903767,1.4142135599997696,2.9999999999999996,0.33333333223526845,1.4142135600000016,4.000000000000077,0.24999999916039087,1.4142135599997867,6.000000000000089,0.16666666610596603,1.4142135599996304,4.000000000000045,0.24999999916241675,1.414213559999874,5.000000000000075,0.19999999932787338,1.4142135599997383,4.000000000000078,0.24999999916106858,1.4142135599997843,6.000000000000063,0.16666666610654962,1.4142135599997374,5.00000000000011,0.19999999932660795,1.4142135599996253,11.000000000000053,0.09090909059729393,1.4142135599995909,1.9999999999999776,0.4999999983253897,1.414213560000035,5.0000000000001075,0.1999999993267214,1.41421355999963,9.000000000000053,0.11111111074195411,1.4142135599996772,9.000000000000068,0.11111111073257304,1.4142135599995804,4.00000000000001,0.24999999916757457,1.4142135599999737,5.00000000000009,0.1999999993245493,1.4142135599997026,3.0000000000000258,0.33333333221634465,1.4142135599999484,4.0000000000000755,0.24999999916087784,1.4142135599997916,4.000000000000036,0.24999999916248952,1.4142135599998997,5.000000000000108,0.19999999932693469,1.414213559999633,1.9999999999999905,0.4999999983296316,1.4142135600000154,4.000000000000039,0.2499999991619481,1.4142135599998913,8.000000000000052,0.1249999995795007,1.4142135599997148,9.000000000000068,0.11111111073764031,1.4142135599995915,4.000000000000023,0.24999999916413265,1.4142135599999364,4.000000000000063,0.249999999161005,1.4142135599998262,3.000000000000013,0.33333333221977,1.4142135599999757,4.000000000000066,0.2499999991614712,1.414213559999819,5.000000000000088,0.19999999932638451,1.414213559999692,5.000000000000092,0.1999999993278666,1.4142135599996792,4.00000000000004,0.24999999916256008,1.4142135599998904,4.000000000000079,0.24999999915980972,1.4142135599997823,5.000000000000081,0.19999999932826634,1.4142135599997183,3.0000000000000195,0.33333333221778993,1.4142135599999615,4.00000000000005,0.24999999916125257,1.4142135599998624,4.000000000000087,0.24999999915894544,1.414213559999764,7.0000000000000835,0.1428571423757337,1.414213559999596,3.999999999999926,0.24999999915910578,1.4142135600002255,5.000000000000088,0.19999999932602233,1.4142135599997083,4.000000000000057,0.24999999915866208,1.4142135599998522,4.000000000000081,0.24999999915890445,1.4142135599997805,4.000000000000012,0.24999999916655086,1.4142135599999657,3.000000000000032,0.3333333322150065,1.4142135599999361,4.000000000000088,0.2499999991586628,1.4142135599997583,4.000000000000076,0.2499999991608424,1.4142135599997885,8.000000000000075,0.12499999957836815,1.4142135599995858,4.000000000000055,0.2499999991612399,1.4142135599998484,9.000000000000066,0.11111111073472596,1.414213559999602,3.000000000000031,0.33333333221540384,1.4142135599999381,3.0000000000000266,0.33333333221628886,1.4142135599999468,3.00000000000003,0.33333333221416,1.4142135599999417,7.0000000000000835,0.1428571423757686,1.414213559999596,4.000000000000088,0.24999999915984422,1.4142135599997585,4.000000000000083,0.2499999991597434,1.4142135599997725,3.0000000000000115,0.3333333322202723,1.4142135599999786,4.000000000000039,0.2499999991588431,1.4142135599999028,4.000000000000068,0.24999999916073534,1.4142135599998122,3.9999999999999374,0.24999999916027033,1.414213560000193,5.000000000000106,0.19999999932748352,1.4142135599996446,3.00000000000003,0.33333333221555783,1.41421355999994,1.9999999999999827,0.4999999983259615,1.4142135600000276,4.000000000000035,0.24999999916264168,1.4142135599999048,1.9999999999999905,0.4999999983295007,1.4142135600000156,8.000000000000075,0.12499999957832289,1.414213559999589,3.0000000000000266,0.3333333322163659,1.4142135599999472,4.000000000000039,0.24999999916218268,1.4142135599998915,4.000000000000032,0.2499999991630734,1.4142135599999135,5.000000000000093,0.19999999932752913,1.4142135599996761,8.000000000000075,0.12499999957953706,1.4142135599995864,1.999999999999991,0.49999999833009223,1.4142135600000147,8.000000000000066,0.1249999995787348,1.414213559999638,4.00000000000008,0.24999999915902288,1.4142135599997832,6.000000000000088,0.16666666610565717,1.414213559999637,4.000000000000088,0.24999999915950938,1.414213559999759,4.000000000000034,0.24999999915896204,1.4142135599999173,7.000000000000077,0.1428571423762109,1.414213559999625,8.00000000000004,0.12499999958006262,1.4142135599997718,6.000000000000094,0.16666666610500352,1.4142135599996097,10.00000000000006,0.09999999965921888,1.4142135599995749,1.9999999999999927,0.4999999983323626,1.4142135600000119,1.9999999999999887,0.49999999832834835,1.4142135600000183,4.000000000000076,0.24999999916029547,1.4142135599997898,4.000000000000062,0.2499999991605013,1.414213559999828,11.000000000000057,0.09090909060331909,1.4142135599995718,5.000000000000105,0.19999999932680948,1.4142135599996382,1.9999999999999898,0.4999999983289841,1.4142135600000167,3.000000000000012,0.3333333322200733,1.4142135599999774,4.000000000000077,0.2499999991598052,1.4142135599997872,4.000000000000063,0.2499999991590105,1.4142135599998324,4.000000000000011,0.24999999916731028,1.414213559999972,4.000000000000019,0.24999999916501878,1.41421355999995,5.000000000000097,0.19999999932756982,1.4142135599996655,4.0000000000000036,0.24999999917278032,1.4142135599999923,4.000000000000047,0.24999999916184013,1.41421355999987,5.000000000000106,0.19999999932670115,1.4142135599996355,4.000000000000037,0.24999999916254778,1.4142135599998968,4.000000000000086,0.24999999915987467,1.4142135599997627,3.000000000000026,0.33333333221636763,1.4142135599999475,7.00000000000005,0.14285714237774233,1.4142135599997605,4.0000000000000355,0.2499999991628109,1.4142135599999028,11.000000000000057,0.09090909060001057,1.414213559999569,4.000000000000067,0.24999999916071994,1.414213559999817,3.000000000000025,0.33333333221666267,1.4142135599999506,4.000000000000038,0.24999999916257076,1.4142135599998948,16.00000000000004,0.06249999979677965,1.4142135599995864,11.000000000000057,0.09090909060487122,1.4142135599995702,11.000000000000057,0.0909090906010643,1.4142135599995747,3.0000000000000275,0.3333333322161053,1.414213559999945,3.999999999999754,0.24999999915004623,1.4142135600007184,3.999999999999869,0.2499999991544598,1.4142135600003864,4.000000000000025,0.24999999916415874,1.4142135599999324,7.000000000000079,0.1428571423759094,1.4142135599996164,3.999999999999845,0.24999999915784285,1.414213560000454,4.000000000000044,0.24999999916210003,1.4142135599998764,5.000000000000073,0.19999999932813,1.4142135599997459,1.9999999999999252,0.4999999983219558,1.4142135600001113,4.000000000000043,0.24999999916219032,1.4142135599998826,9.00000000000006,0.1111111107292132,1.4142135599996357,4.000000000000053,0.24999999915876944,1.41421355999986,4.000000000000059,0.2499999991611624,1.4142135599998393,2.999999999999999,0.33333333225645184,1.4142135600000028,5.000000000000097,0.19999999932717227,1.4142135599996652,4.000000000000008,0.2499999991685736,1.4142135599999792,4.000000000000086,0.24999999915983154,1.4142135599997627,3.00000000000002,0.33333333221766387,1.4142135599999612,1.9999999999999936,0.4999999983336299,1.414213560000011,1.9999999999999973,0.4999999983680202,1.4142135600000045,4.000000000000074,0.24999999916053997,1.4142135599997965,10.000000000000048,0.09999999965810676,1.4142135599996717,4.000000000000011,0.2499999991671623,1.4142135599999708,4.000000000000077,0.24999999915891782,1.414213559999792,4.000000000000088,0.2499999991586894,1.4142135599997587,11.00000000000005,0.09090909060221973,1.414213559999625,4.000000000000086,0.24999999915887583,1.414213559999765,3.000000000000014,0.3333333322192849,1.4142135599999728,3.0000000000000036,0.3333333322252488,1.414213559999994,10.000000000000053,0.0999999996625278,1.4142135599996217,9.000000000000066,0.11111111073610666,1.4142135599995895,5.000000000000076,0.19999999932820448,1.4142135599997334,5.000000000000101,0.19999999932722032,1.414213559999651,4.000000000000058,0.24999999916103954,1.4142135599998416,3.0000000000000164,0.33333333221857986,1.414213559999968,4.00000000000002,0.24999999916462118,1.4142135599999432,4.0000000000000835,0.24999999915934099,1.4142135599997692,8.000000000000044,0.12499999957984198,1.4142135599997532,5.00000000000007,0.19999999932898305,1.414213559999756,4.000000000000068,0.2499999991605935,1.4142135599998116,1.9999999999999913,0.4999999983304343,1.4142135600000143,3.0000000000000067,0.33333333222230593,1.414213559999987,4.000000000000079,0.2499999991597132,1.4142135599997825,4.000000000000088,0.24999999915910803,1.41421355999976,8.000000000000073,0.1249999995786334,1.414213559999595,4.000000000000057,0.24999999916116208,1.4142135599998433,4.0000000000000755,0.24999999915935248,1.4142135599997911,1.999999999999994,0.49999999833480036,1.4142135600000103,5.0000000000001075,0.19999999932680168,1.4142135599996313,3.0000000000000306,0.33333333221551537,1.4142135599999393,1.9999999999999958,0.4999999983468165,1.4142135600000068,4.000000000000063,0.24999999916103502,1.4142135599998262,15.000000000000039,0.0666666664146695,1.4142135599996024,5.000000000000108,0.19999999932662704,1.4142135599996277,3.999999999995108,0.2499999991894156,1.4142135600138603,4.00000000000006,0.24999999916121474,1.4142135599998336,4.000000000000017,0.2499999991654469,1.4142135599999552,4.000000000000025,0.24999999916390014,1.4142135599999313,8.000000000000071,0.12499999957861964,1.4142135599996066,4.000000000000066,0.2499999991587398,1.4142135599998253,10.000000000000057,0.09999999965328087,1.4142135599996026,6.000000000000078,0.16666666610633749,1.4142135599996764,5.000000000000042,0.1999999993295343,1.414213559999856,3.000000000000019,0.33333333221789235,1.4142135599999626,4.000000000000078,0.24999999915884957,1.4142135599997878,3.000000000000002,0.33333333222667666,1.4142135599999963,3.0000000000000324,0.33333333221466604,1.414213559999936,4.0000000000000835,0.24999999915916007,1.4142135599997696,4.00000000000005,0.2499999991616789,1.4142135599998629,1.999999999999985,0.4999999983267608,1.4142135600000243,4.000000000000081,0.2499999991589288,1.41421355999978,5.000000000000088,0.1999999993284905,1.4142135599996932,4.00000000000006,0.24999999916106203,1.4142135599998338,5.000000000000109,0.1999999993264984,1.4142135599996257,15.00000000000004,0.0666666664415429,1.414213559999578,3.000000000000002,0.3333333322271771,1.414213559999997,4.000000000000081,0.24999999915901683,1.4142135599997816,7.0000000000000835,0.14285714237571054,1.4142135599995957,4.0000000000000675,0.24999999916056598,1.414213559999814,4.000000000000085,0.2499999991591439,1.4142135599997687,3.0000000000000195,0.33333333221774114,1.4142135599999612,4.0000000000000036,0.24999999917191149,1.4142135599999905,4.000000000000031,0.24999999916337887,1.414213559999915,4.000000000000027,0.24999999916387308,1.414213559999927,5.000000000000072,0.1999999993284419,1.414213559999748,1.9999999999999896,0.49999999832877035,1.414213560000017,5.000000000000084,0.19999999932816287,1.414213559999705,6.000000000000067,0.1666666661063985,1.4142135599997219,5.000000000000078,0.19999999932866216,1.4142135599997259,2.999999999999993,0.333333332213751,1.4142135600000232,3.0000000000000053,0.3333333322232697,1.4142135599999899,1.9999999999999938,0.4999999983344501,1.4142135600000105,3.000000000000009,0.33333333222138845,1.4142135599999837,4.000000000000013,0.24999999916645677,1.4142135599999646,5.000000000000046,0.19999999932948873,1.4142135599998402,4.000000000000075,0.24999999916038348,1.414213559999793,5.000000000000095,0.199999999326712,1.4142135599996721,4.000000000000038,0.24999999916202625,1.4142135599998948,4.000000000000035,0.24999999916278068,1.414213559999904,5.000000000000059,0.1999999993280804,1.4142135599997958,5.000000000000104,0.19999999932786253,1.4142135599996408,4.000000000000041,0.24999999916184257,1.4142135599998873,11.000000000000057,0.09090909061137649,1.4142135599995704,4.000000000000077,0.249999999160055,1.4142135599997863,9.000000000000066,0.11111111073635176,1.4142135599995982,9.000000000000068,0.11111111073526253,1.4142135599995829,4.000000000000057,0.24999999916089294,1.4142135599998442,4.000000000000067,0.24999999916017734,1.4142135599998154,7.000000000000081,0.14285714237626584,1.414213559999611,5.000000000000045,0.1999999993294464,1.4142135599998442,5.000000000000106,0.19999999932699766,1.4142135599996368,4.000000000000076,0.24999999916004165,1.414213559999788,4.00000000000005,0.24999999916165883,1.4142135599998613,4.0000000000000835,0.24999999916050236,1.4142135599997705,4.000000000000065,0.24999999916002655,1.41421355999982,8.000000000000075,0.1249999995776867,1.4142135599995909,1.9999999999999967,0.4999999983584555,1.4142135600000054,4.000000000000009,0.249999999168091,1.4142135599999768,0.9999999999999282,0.9999999966501544,1.4142135600000545,4.000000000000085,0.249999999159585,1.4142135599997652,4.000000000000056,0.24999999916129956,1.4142135599998455,6.000000000000055,0.16666666610679381,1.4142135599997716,5.00000000000008,0.1999999993294214,1.4142135599997192,4.000000000000062,0.24999999915888346,1.4142135599998358,4.000000000000059,0.24999999916113266,1.4142135599998382,5.000000000000083,0.1999999993268355,1.4142135599997108,10.00000000000006,0.09999999966246853,1.4142135599995742,5.0000000000000675,0.19999999932794152,1.4142135599997654,5.0000000000000755,0.19999999932915727,1.4142135599997363,4.0000000000000755,0.24999999916098106,1.4142135599997907,4.000000000000088,0.24999999915925036,1.4142135599997585,1.9999999999999942,0.4999999983356645,1.4142135600000099,3.9999999999999956,0.2499999991568752,1.4142135600000265,3.0000000000000107,0.33333333222057804,1.4142135599999799,4.000000000000079,0.24999999915973203,1.4142135599997805,4.000000000000027,0.24999999916351123,1.414213559999926,4.000000000000053,0.24999999916097207,1.4142135599998522,9.00000000000007,0.11111111073333228,1.4142135599995787,5.0000000000000275,0.19999999933078164,1.4142135599999035,1.9999999999999865,0.49999999832738307,1.4142135600000216,4.000000000000058,0.2499999991584563,1.4142135599998495,5.000000000000107,0.19999999932706275,1.4142135599996337,4.000000000000045,0.2499999991623378,1.414213559999875,4.000000000000084,0.24999999915978555,1.414213559999768,4.000000000000086,0.24999999915909274,1.4142135599997665,4.000000000000065,0.24999999915890017,1.4142135599998273,4.000000000000085,0.24999999915896134,1.4142135599997678,3.9999999999999116,0.24999999915575385,1.414213560000266,5.000000000000095,0.19999999932618565,1.4142135599996708,3.00000000000003,0.33333333221567507,1.41421355999994,5.000000000000102,0.1999999993267073,1.4142135599996482,9.00000000000006,0.11111111073782194,1.4142135599996393,4.000000000000078,0.24999999915979604,1.4142135599997845,4.000000000000012,0.24999999916669807,1.4142135599999672,9.000000000000059,0.11111111073538903,1.414213559999648,4.000000000000033,0.24999999916307164,1.4142135599999108,4.000000000000028,0.24999999916365886,1.4142135599999222,5.000000000000091,0.19999999932666385,1.4142135599996828,4.00000000000002,0.24999999916470517,1.4142135599999452,4.0000000000000515,0.24999999916141685,1.4142135599998562,6.000000000000095,0.16666666610436606,1.414213559999611,4.000000000000047,0.2499999991621852,1.4142135599998698,14.000000000000043,0.07142857115493939,1.4142135599995898,4.00000000000004,0.24999999916226373,1.4142135599998902,4.000000000000069,0.24999999916055607,1.4142135599998078,4.00000000000007,0.2499999991603081,1.4142135599998054,8.000000000000068,0.12499999957955643,1.4142135599996315,5.000000000000101,0.19999999932740756,1.4142135599996488,4.0000000000000835,0.24999999915879015,1.4142135599997705,3.000000000000023,0.33333333221702266,1.4142135599999541,4.000000000000024,0.2499999991639596,1.4142135599999328,4.000000000000048,0.24999999916184398,1.4142135599998662,7.000000000000058,0.14285714237675726,1.4142135599997214,8.000000000000066,0.12499999957897437,1.4142135599996388,5.000000000000106,0.1999999993261276,1.4142135599996368,3.000000000000006,0.33333333222261713,1.414213559999988,4.000000000000087,0.24999999915943186,1.414213559999764,4.000000000000019,0.24999999915888205,1.4142135599999608,5.0000000000001075,0.19999999932682122,1.414213559999631,3.0000000000000093,0.3333333322211775,1.414213559999983,2.9999999999999996,0.3333333322396165,1.4142135600000025,1.9999999999999736,0.49999999832467573,1.4142135600000412,3.000000000000011,0.3333333322203164,1.4142135599999788,5.000000000000095,0.1999999993272071,1.4142135599996717,4.0000000000000355,0.24999999916292454,1.4142135599999028,4.000000000000052,0.24999999916130675,1.4142135599998542,6.000000000000038,0.16666666610776298,1.4142135599998429,4.000000000000082,0.24999999915957513,1.414213559999774,8.000000000000075,0.12499999957684794,1.414213559999592,4.000000000000052,0.24999999915858243,1.414213559999864,8.000000000000062,0.12499999957956946,1.4142135599996548,10.000000000000046,0.09999999965585828,1.4142135599996783,6.000000000000031,0.16666666610862355,1.414213559999873,4.0000000000000355,0.24999999916269705,1.4142135599999024,5.000000000000073,0.19999999932961804,1.4142135599997454,8.000000000000075,0.1249999995771553,1.4142135599995858,4.000000000000088,0.2499999991596356,1.414213559999759,2.999999999999999,0.33333333224025385,1.4142135600000025,5.00000000000011,0.19999999932555765,1.4142135599996255,5.000000000000042,0.1999999993296195,1.4142135599998567,5.000000000000097,0.1999999993278248,1.414213559999666,5.000000000000081,0.19999999932814955,1.4142135599997172,10.000000000000059,0.09999999965997398,1.414213559999579,4.000000000000055,0.24999999916118454,1.4142135599998467,5.000000000000102,0.1999999993250588,1.4142135599996573,5.0000000000000115,0.19999999933381887,1.4142135599999597,4.000000000000038,0.24999999916260612,1.4142135599998942,4.000000000000046,0.24999999916164523,1.4142135599998717,5.000000000000101,0.19999999932771698,1.41421355999965,4.000000000000088,0.24999999915942364,1.4142135599997585,4.000000000000088,0.249999999159166,1.4142135599997587,11.000000000000052,0.0909090905971579,1.4142135599996106,5.000000000000077,0.19999999932818122,1.4142135599997296,4.000000000000079,0.24999999916022075,1.4142135599997825,4.000000000000049,0.2499999991619942,1.4142135599998644,4.000000000000042,0.2499999991624649,1.4142135599998842,2.9999999999999996,0.33333333223864947,1.4142135600000023,1.9999999999999984,0.4999999984121497,1.4142135600000025,4.000000000000049,0.24999999916196905,1.4142135599998635,6.000000000000058,0.16666666610754116,1.4142135599997616,4.000000000000026,0.2499999991637106,1.414213559999928,14.000000000000043,0.07142857119502487,1.414213559999597,3.999999999999868,0.24999999916217555,1.4142135600003896,4.000000000000081,0.24999999915891288,1.41421355999978,5.000000000000096,0.199999999326917,1.414213559999668,4.00000000000001,0.24999999916764826,1.4142135599999741,3.000000000000011,0.3333333322204845,1.4142135599999797,3.000000000000004,0.33333333222470984,1.4142135599999932,4.000000000000023,0.24999999916402424,1.4142135599999366,4.000000000000068,0.249999999160612,1.4142135599998111,4.000000000000064,0.24999999916055404,1.4142135599998238,4.0000000000000115,0.24999999916688465,1.4142135599999688,3.000000000000013,0.33333333221981887,1.4142135599999759,4.000000000000088,0.24999999915924384,1.4142135599997587,9.000000000000062,0.11111111073652633,1.4142135599996206,4.000000000000019,0.2499999991650435,1.4142135599999501,4.0000000000000195,0.24999999915757476,1.4142135599999575,4.000000000000086,0.24999999915984272,1.414213559999764,9.000000000000062,0.11111111073579284,1.414213559999623,12.000000000000053,0.0833333330483705,1.4142135599995673,4.0000000000000755,0.24999999916006824,1.41421355999979,10.000000000000057,0.09999999966459877,1.4142135599996049,4.000000000000059,0.24999999916169072,1.414213559999839,4.000000000000064,0.24999999916091253,1.4142135599998225,1.9999999999999962,0.49999999835161796,1.414213560000006,4.000000000000085,0.2499999991584547,1.4142135599997656,3.000000000000004,0.33333333222481903,1.4142135599999932,7.000000000000073,0.142857142376296,1.414213559999646,4.0000000000000675,0.24999999916124122,1.4142135599998136,5.000000000000105,0.19999999932690657,1.4142135599996375,9.00000000000007,0.11111111073555571,1.4142135599995784,2.999999999999999,0.33333333227927325,1.4142135600000023,5.000000000000104,0.19999999932668489,1.4142135599996424,3.0000000000000244,0.3333333322137493,1.4142135599999546,4.000000000000088,0.24999999915947407,1.4142135599997598,0.9999999999999963,0.9999999966602199,1.4142135600000048,1.9999999999999962,0.49999999835171033,1.414213560000006,5.00000000000011,0.1999999993263824,1.4142135599996255,4.000000000000084,0.24999999915907042,1.414213559999771,4.00000000000003,0.24999999916333818,1.414213559999917,4.000000000000087,0.24999999915926732,1.414213559999762,4.0000000000000515,0.24999999916132237,1.4142135599998578,4.000000000000043,0.24999999916241863,1.414213559999881,4.000000000000025,0.24999999916384538,1.4142135599999324,2.9999999999999996,0.33333333223686273,1.414213560000002,5.000000000000085,0.1999999993283504,1.4142135599997014,4.000000000000084,0.24999999916012508,1.414213559999768,3.0000000000000004,0.3333333322315259,1.4142135600000003,4.000000000000072,0.24999999915988472,1.414213559999802,7.000000000000081,0.14285714237588545,1.414213559999606,4.000000000000086,0.2499999991603555,1.4142135599997636,4.000000000000065,0.24999999916077054,1.4142135599998222,3.000000000000006,0.3333333322227132,1.4142135599999883,4.000000000000026,0.24999999916365256,1.4142135599999284,4.000000000000046,0.24999999916238164,1.414213559999873,5.000000000000107,0.19999999932703302,1.4142135599996342,4.000000000000009,0.24999999916785073,1.4142135599999754,4.000000000000076,0.24999999916014062,1.4142135599997883,8.000000000000075,0.12499999957898204,1.4142135599995898,9.000000000000068,0.11111111073794909,1.4142135599995818,8.000000000000071,0.12499999957701594,1.4142135599996117,4.0000000000000195,0.2499999991648451,1.4142135599999466,4.000000000000038,0.2499999991627878,1.4142135599998955,7.000000000000061,0.14285714237623762,1.4142135599997014,3.000000000000008,0.33333333222202216,1.414213559999986,4.0000000000000835,0.24999999915863094,1.4142135599997692,5.000000000000095,0.19999999932778936,1.4142135599996708,4.000000000000067,0.24999999916098142,1.4142135599998151,1.9999999999999782,0.49999999832511915,1.4142135600000336,6.000000000000064,0.16666666610699105,1.4142135599997325,4.000000000000004,0.24999999917135046,1.4142135599999892,4.000000000000087,0.2499999991589107,1.414213559999761,4.000000000000082,0.24999999915978668,1.4142135599997745,4.000000000000088,0.24999999915921076,1.4142135599997612,4.000000000000049,0.24999999916150764,1.4142135599998653,4.000000000000065,0.24999999916108792,1.4142135599998222,3.0000000000000187,0.3333333322180172,1.4142135599999635,4.000000000000055,0.249999999161147,1.4142135599998475,4.000000000000038,0.2499999991624768,1.4142135599998948,4.0000000000000755,0.24999999916043594,1.4142135599997911,4.000000000000077,0.24999999916019247,1.4142135599997854,6.000000000000061,0.1666666661068872,1.414213559999746,4.000000000000073,0.2499999991588038,1.4142135599998038,4.0000000000000435,0.24999999916189342,1.414213559999879,4.000000000000088,0.24999999915924337,1.4142135599997592,4.000000000000004,0.24999999917111154,1.4142135599999888,5.000000000000023,0.1999999993312727,1.4142135599999202,4.000000000000017,0.24999999916534332,1.4142135599999537,10.00000000000006,0.09999999966141301,1.4142135599995727,11.000000000000048,0.09090909060245986,1.4142135599996324,5.0000000000001,0.19999999932661255,1.4142135599996528,4.0000000000000835,0.24999999915977617,1.4142135599997685,3.000000000000031,0.3333333322143009,1.414213559999939,3.00000000000001,0.33333333222070816,1.4142135599999808,4.000000000000058,0.24999999916110807,1.4142135599998409,4.000000000000075,0.24999999916021576,1.4142135599997938,3.0000000000000018,0.33333333222809447,1.4142135599999979,5.000000000000098,0.19999999932674178,1.4142135599996633,10.000000000000044,0.09999999966306224,1.4142135599996781,4.000000000000037,0.24999999916278148,1.4142135599998975,3.0000000000000275,0.333333332216094,1.4142135599999457,4.000000000000034,0.24999999916275203,1.4142135599999068,1.9999999999999907,0.4999999983297101,1.4142135600000154,4.000000000000087,0.2499999991586964,1.4142135599997605,5.000000000000054,0.19999999933052237,1.4142135599998122,9.000000000000066,0.11111111073601217,1.4142135599995942,4.000000000000031,0.24999999916340476,1.4142135599999148,3.0000000000000306,0.3333333322141788,1.4142135599999408,4.000000000000057,0.249999999161586,1.4142135599998449,4.000000000000002,0.2499999991758549,1.4142135599999965,8.000000000000073,0.12499999957774131,1.4142135599995957,12.000000000000048,0.08333333303457051,1.414213559999621,5.00000000000011,0.1999999993267075,1.4142135599996255,4.000000000000055,0.24999999916062002,1.414213559999848,11.000000000000053,0.09090909060527261,1.414213559999597,4.000000000000029,0.24999999916316404,1.4142135599999193,4.0000000000000036,0.24999999917276147,1.414213559999992,3.000000000000011,0.3333333322133442,1.4142135599999839,4.000000000000054,0.2499999991611364,1.4142135599998502,4.0000000000000835,0.2499999991598138,1.4142135599997703,4.000000000000076,0.24999999915950163,1.4142135599997883,3.0000000000000115,0.33333333222015044,1.4142135599999779,1.9999999999999958,0.49999999834531955,1.414213560000007,3.000000000000023,0.3333333322170276,1.4142135599999541,4.000000000000062,0.24999999916096663,1.414213559999829,4.000000000000027,0.24999999915850707,1.4142135599999364,4.000000000000065,0.2499999991606067,1.4142135599998213,4.000000000000036,0.24999999916247553,1.4142135599999,4.000000000000077,0.2499999991605336,1.4142135599997867,4.000000000000083,0.2499999991589087,1.4142135599997714,4.000000000000051,0.2499999991618752,1.4142135599998604,5.00000000000011,0.19999999932718074,1.4142135599996253,4.00000000000008,0.24999999915918822,1.4142135599997823,3.999999999999823,0.2499999991582094,1.4142135600005192,4.000000000000023,0.24999999916440188,1.4142135599999366,7.00000000000005,0.142857142377113,1.4142135599997618,4.000000000000087,0.24999999915922402,1.4142135599997605,5.00000000000008,0.19999999932304882,1.414213559999738,4.000000000000071,0.2499999991588988,1.4142135599998111,4.000000000000047,0.24999999916237856,1.4142135599998695,8.000000000000064,0.12499999957881519,1.4142135599996482,3.000000000000003,0.3333333322257054,1.414213559999995,3.0000000000000115,0.33333333222022815,1.4142135599999783,5.000000000000104,0.19999999932671464,1.4142135599996397,3.000000000000014,0.3333333322192502,1.4142135599999728,4.000000000000013,0.249999999166253,1.414213559999964,4.00000000000006,0.24999999916107782,1.4142135599998327,1.9999999999999818,0.4999999983260411,1.414213560000029,4.000000000000088,0.2499999991589983,1.4142135599997587,1.999999999999981,0.49999999832576636,1.41421356000003,5.000000000000099,0.1999999993279844,1.4142135599996573,5.000000000000092,0.1999999993265045,1.4142135599996801,4.000000000000059,0.249999999161082,1.4142135599998382,3.0000000000000053,0.3333333322232678,1.4142135599999899,3.0000000000000258,0.3333333322164303,1.4142135599999484,4.000000000000085,0.24999999915937418,1.4142135599997647,3.0000000000000124,0.3333333322198124,1.414213559999976,4.0000000000000115,0.2499999991670124,1.4142135599999697,1.9999999999999452,0.499999998322692,1.4142135600000825,4.000000000000086,0.2499999991596784,1.4142135599997627,8.000000000000075,0.12499999957905199,1.4142135599995866,2.999999999999999,0.333333332243541,1.4142135600000028,1.9999999999999987,0.49999999843473003,1.414213560000002,8.000000000000075,0.12499999957944113,1.4142135599995858,3.0000000000000124,0.33333333221988604,1.4142135599999766,5.000000000000102,0.19999999932544807,1.4142135599996466,4.000000000000066,0.2499999991607005,1.4142135599998196,8.00000000000007,0.124999999578712,1.414213559999613,4.000000000000082,0.2499999991590384,1.4142135599997794,8.000000000000066,0.12499999957749099,1.4142135599996437,5.000000000000109,0.19999999932662021,1.4142135599996268,4.000000000000088,0.2499999991596513,1.4142135599997583,4.000000000000065,0.24999999916086513,1.4142135599998211,8.000000000000052,0.12499999958007883,1.4142135599997139,7.000000000000083,0.14285714237475192,1.4142135599995995,1.9999999999999951,0.4999999983404591,1.414213560000008,4.0000000000000595,0.24999999915848592,1.4142135599998444,3.999999999999799,0.24999999915640125,1.414213560000587,4.000000000000069,0.24999999916129542,1.4142135599998076,9.000000000000066,0.11111111073783107,1.414213559999603,4.000000000000066,0.24999999916088927,1.4142135599998176,5.000000000000104,0.19999999932718485,1.4142135599996404,5.000000000000022,0.19999999933162008,1.414213559999923,8.000000000000075,0.1249999995786721,1.4142135599995869,4.000000000000088,0.24999999915971446,1.4142135599997583,3.0000000000000218,0.33333333221736205,1.4142135599999572,3.0000000000000133,0.33333333221949,1.4142135599999741,4.000000000000088,0.24999999915878487,1.4142135599997596,10.00000000000006,0.09999999966205553,1.4142135599995744,4.000000000000087,0.2499999991595025,1.4142135599997605,4.000000000000084,0.24999999915945964,1.4142135599997674,5.000000000000108,0.1999999993266559,1.4142135599996273,6.000000000000093,0.16666666610552422,1.4142135599996137,10.00000000000006,0.09999999966911997,1.414213559999579,4.000000000000087,0.24999999915971519,1.4142135599997603,4.0000000000000595,0.24999999916105572,1.414213559999836,4.0000000000000595,0.24999999916117535,1.4142135599998358,4.000000000000033,0.24999999916288174,1.4142135599999093,3.000000000000031,0.3333333322152594,1.414213559999938,4.000000000000088,0.24999999915931737,1.41421355999976,4.000000000000084,0.24999999915971186,1.4142135599997678,5.000000000000097,0.19999999932724696,1.414213559999666,2.999999999999999,0.3333333322662772,1.4142135600000025,4.000000000000067,0.2499999991616917,1.4142135599998165,5.00000000000011,0.19999999932788545,1.4142135599996255,3.0000000000000173,0.33333333221838357,1.4142135599999663,4.000000000000087,0.2499999991595167,1.4142135599997607,4.000000000000088,0.24999999915957136,1.4142135599997587,3.0000000000000275,0.333333332216211,1.4142135599999452,4.000000000000023,0.2499999991643009,1.4142135599999375,3.000000000000004,0.333333332224903,1.4142135599999934,11.000000000000055,0.09090909059814162,1.4142135599995815,5.000000000000081,0.1999999993285149,1.4142135599997174,4.0000000000000595,0.24999999916094595,1.4142135599998362,3.000000000000003,0.33333333222573797,1.414213559999995,7.000000000000036,0.14285714237746455,1.4142135599998205,4.000000000000048,0.24999999916179516,1.414213559999867,4.000000000000036,0.24999999916245957,1.4142135599998995,2.9999999999999996,0.33333333223675154,1.414213560000002,8.00000000000007,0.12499999957985315,1.4142135599996255,4.000000000000023,0.2499999991640443,1.4142135599999366,5.000000000000102,0.19999999932697393,1.414213559999647,4.0000000000000515,0.2499999991614141,1.4142135599998573,4.000000000000088,0.24999999915937618,1.414213559999761,8.000000000000073,0.12499999957877003,1.4142135599995918,4.000000000000019,0.24999999916499718,1.414213559999949,9.00000000000007,0.1111111107373842,1.4142135599995787,2.9999999999999996,0.3333333322390136,1.4142135600000023,5.000000000000065,0.19999999932837131,1.4142135599997732,4.000000000000071,0.24999999916008062,1.4142135599998027,3.0000000000000306,0.3333333322142093,1.4142135599999406,8.000000000000075,0.12499999957770455,1.4142135599995862,4.000000000000081,0.24999999916063978,1.4142135599997758,9.000000000000064,0.11111111073632464,1.4142135599996002,2.999999999999999,0.33333333225353867,1.4142135600000028,5.000000000000063,0.19999999932886825,1.414213559999781,1.9999999999999951,0.49999999834039544,1.414213560000008,10.00000000000006,0.09999999966500497,1.4142135599995769,7.000000000000025,0.14285714237895908,1.4142135599998809,11.000000000000044,0.09090909057516024,1.414213559999666,3.0000000000000213,0.33333333221750644,1.4142135599999581,4.000000000000084,0.24999999916039475,1.4142135599997672,5.000000000000099,0.19999999932752782,1.4142135599996584,10.00000000000006,0.09999999966115762,1.4142135599995767,3.000000000000005,0.3333333322237198,1.414213559999991,1.9999999999999933,0.4999999983330019,1.4142135600000114,8.000000000000075,0.12499999957838283,1.4142135599995895,4.000000000000074,0.24999999916046695,1.4142135599997971,4.000000000000061,0.2499999991608876,1.414213559999832,7.000000000000083,0.14285714237588984,1.4142135599995997,1.999999999999994,0.49999999833492936,1.4142135600000103,4.000000000000087,0.2499999991597129,1.4142135599997618,8.000000000000066,0.12499999957824658,1.4142135599996377,1.999999999999992,0.499999998331131,1.4142135600000132,4.00000000000007,0.24999999916021248,1.4142135599998051,10.00000000000006,0.09999999966491238,1.4142135599995729,3.0000000000000164,0.3333333322186624,1.4142135599999686,3.000000000000015,0.33333333221896355,1.4142135599999708,3.0000000000000187,0.3333333322180711,1.4142135599999635,4.000000000000086,0.24999999916004367,1.414213559999763,3.0000000000000258,0.33333333221637734,1.4142135599999486,4.000000000000079,0.24999999915954063,1.414213559999782,4.0000000000000595,0.24999999916119872,1.4142135599998364,4.000000000000056,0.24999999916100848,1.4142135599998455,4.000000000000082,0.24999999915938173,1.4142135599997745,4.000000000000083,0.24999999916111132,1.4142135599997725,5.000000000000108,0.19999999932649654,1.4142135599996282,4.000000000000081,0.24999999915901883,1.4142135599997812,9.000000000000068,0.11111111073678895,1.4142135599995809,3.0000000000000164,0.3333333322186253,1.4142135599999686,4.0000000000000435,0.24999999916166363,1.4142135599998789,3.0000000000000266,0.3333333322162879,1.4142135599999472,3.0000000000000293,0.33333333221572387,1.4142135599999421,4.000000000000004,0.2499999991717058,1.4142135599999899,4.000000000000057,0.2499999991613972,1.4142135599998424,4.000000000000009,0.24999999916793295,1.4142135599999759,7.000000000000065,0.1428571423775631,1.4142135599996868,5.00000000000009,0.1999999993279576,1.4142135599996857,10.000000000000046,0.09999999966306869,1.414213559999677,4.000000000000088,0.2499999991592721,1.4142135599997585,5.000000000000085,0.1999999993287667,1.4142135599997012,9.000000000000059,0.11111111073382396,1.4142135599996437,5.000000000000077,0.19999999932849838,1.4142135599997292,5.0000000000000275,0.19999999933086277,1.4142135599999046,5.000000000000035,0.19999999933025162,1.4142135599998789,4.0000000000000275,0.2499999991635119,1.414213559999925,4.000000000000082,0.24999999915961163,1.4142135599997734,5.000000000000101,0.19999999932534052,1.4142135599996601,4.000000000000088,0.24999999915850551,1.4142135599997583]
