#SOLVERNAME# PAJ_CPLEX_MOSEK
#SOLVER# Pajarito.PajaritoSolver(3, 3600.0, 1.0e-5, false, CPLEX.CplexSolver(Any[(:CPX_PARAM_THREADS, 1), (:CPX_PARAM_SCRIND, 0), (:CPX_PARAM_EPINT, 1.0e-9), (:CPX_PARAM_EPRHS, 1.0e-8), (:CPX_PARAM_EPGAP, 0.0)]), Pajarito.UnsetSolver(), 0, false, true, Mosek.MosekSolver(Any[(:LOG, 0), (:NUM_THREADS, 1), (:MSK_DPAR_INTPNT_CO_TOL_REL_GAP, 1.0e-10), (:MSK_DPAR_INTPNT_CO_TOL_PFEAS, 1.0e-10), (:MSK_DPAR_INTPNT_CO_TOL_DFEAS, 1.0e-10), (:MSK_DPAR_INTPNT_CO_TOL_NEAR_REL, 1000.0)]), true, true, false, false, true, false, false, true, false, true, true, true, true, false, true, 10.0, false, false, false, true, 1.0e-12, 1.0e-8, false, "")
#INSTANCE# pp-n1000-d10.cbf.gz
#TIMELIMIT# 3600.0

Problem dimensions:
       variables |    5000
     constraints |    3001
   nonzeros in A |    5969

Cones summary:
Cone             | Count   | Min dim.  | Max dim. 
    Rotated S.O. |    1000 |         3 |         3

Variable types:
      continuous |    4000
         integer |    1000

Transforming data...               0.00s

Creating conic subproblem...       0.04s

Building MIP model...              0.02s

Solving conic relaxation...        0.12s
 - Relaxation status    =        Optimal
 - Relaxation bound     =    7330.101124

Starting iterative algorithm

Iter. | Best feasible  | Best bound     | Rel. gap    | Time (s)   
    1 |  +7.880377e+03 |  +7.330827e+03 |   6.974e-02 |   5.922e+01

Iter. | Best feasible  | Best bound     | Rel. gap    | Time (s)   
    2 |  +7.547426e+03 |  +7.332181e+03 |   2.852e-02 |   3.600e+03

Iterative algorithm summary:
 - Status               =      UserLimit
 - Best feasible        =  +7.547426e+03
 - Best bound           =  +7.332181e+03
 - Relative opt. gap    =      2.852e-02
 - Total time (s)       =       3.60e+03

Timers (s):
 - Setup                =   6.55e-02
 -- Transform data      =   3.22e-03
 -- Create conic data   =   3.92e-02
 -- Create MIP data     =   2.30e-02
 - Algorithm            =   3.60e+03
 -- Solve relaxation    =   1.16e-01
 -- Get relaxation cuts =   4.97e-03
 -- Solve MIP models    =   3.60e+03
 -- Solve subproblems   =   8.12e-02
 -- Get subproblem cuts =   2.28e-01
 -- Get separation cuts =   3.91e-04

Counters:
 - Iterations           =     2
 -- Integer repeats     =     0
 -- Conic subproblems   =     2
 --- Infeasible         =     0
 --- Optimal            =     2
 --- Suboptimal         =     0
 --- UserLimit          =     0
 --- ConicFailure       =     0
 --- Other status       =     0
 -- Feasible solutions  =     2
 --- From subproblems   =     2
 --- From MIP solve     =     0

Solution returned by conic solver

Rounds of full separation/subproblem cuts, and count of cuts added:
Cone             | Subp.  | Sep.   | Total  | Relax. | Viol. 
    Second order |   3000 |      0 |   4006 |   2000 |   3771

6 numerically unstable disaggregated SOC cuts

Distance to feasibility (negative indicates strict feasibility):
Cone             | Variable  | Constraint
          Linear | -1.00e+00 |  0.00e+00
    Rotated S.O. |  1.16e-09 |        NA

Distance to integrality of integer/binary variables:
         integer |  0.00e+00

#STATUS# UserLimit
#OBJVAL# 7547.426026978229
#OBJBOUND# 7332.1806612572445
#NODECOUNT# NaN
#TIMESOLVER# 3600.283622980118
#TIMEALL# 3600.329624891281
#SOLUTION# [5.0,4.0,4.0,9.0,6.0,7.0,7.0,3.0,2.0,7.0,4.0,5.0,9.0,2.0,5.0,4.0,2.0,11.0,6.0,4.0,4.0,6.0,5.0,3.0,3.0,6.0,4.0,2.0,5.0,3.0,10.0,8.0,2.0,5.0,3.0,4.0,2.0,6.0,4.0,3.0,4.0,3.0,4.0,9.0,5.0,5.0,4.0,5.0,4.0,6.0,4.0,7.0,5.0,2.0,2.0,4.0,5.0,3.0,6.0,3.0,3.0,9.0,9.0,4.0,4.0,11.0,8.0,6.0,9.0,7.0,8.0,5.0,9.0,3.0,7.0,5.0,4.0,8.0,5.0,10.0,3.0,9.0,6.0,5.0,1.0,8.0,7.0,2.0,17.0,7.0,6.0,15.0,3.0,7.0,6.0,8.0,4.0,7.0,10.0,3.0,6.0,4.0,12.0,5.0,4.0,6.0,9.0,19.0,5.0,9.0,2.0,4.0,7.0,3.0,5.0,9.0,2.0,7.0,6.0,6.0,4.0,5.0,10.0,9.0,5.0,7.0,7.0,4.0,4.0,9.0,3.0,6.0,5.0,6.0,4.0,6.0,6.0,5.0,4.0,7.0,4.0,4.0,3.0,4.0,7.0,2.0,12.0,3.0,10.0,3.0,3.0,4.0,4.0,3.0,12.0,12.0,3.0,9.0,10.0,7.0,4.0,4.0,4.0,3.0,4.0,9.0,2.0,7.0,5.0,6.0,11.0,8.0,4.0,4.0,5.0,4.0,4.0,7.0,11.0,5.0,2.0,5.0,6.0,5.0,10.0,2.0,2.0,5.0,4.0,2.0,8.0,5.0,8.0,5.0,2.0,7.0,5.0,5.0,2.0,6.0,4.0,14.0,7.0,5.0,13.0,3.0,3.0,7.0,3.0,8.0,2.0,8.0,16.0,4.0,6.0,6.0,2.0,4.0,10.0,5.0,10.0,4.0,4.0,3.0,4.0,5.0,10.0,4.0,9.0,6.0,6.0,13.0,5.0,4.0,10.0,9.0,3.0,4.0,4.0,2.0,5.0,2.0,5.0,7.0,2.0,5.0,4.0,1.0,10.0,7.0,4.0,9.0,13.0,10.0,5.0,4.0,4.0,9.0,8.0,9.0,7.0,4.0,5.0,8.0,8.0,3.0,4.0,6.0,3.0,12.0,6.0,2.0,5.0,6.0,4.0,7.0,7.0,2.0,3.0,4.0,3.0,3.0,4.0,5.0,7.0,7.0,9.0,6.0,2.0,5.0,6.0,4.0,6.0,3.0,9.0,4.0,5.0,2.0,5.0,2.0,4.0,6.0,5.0,3.0,3.0,4.0,3.0,8.0,4.0,6.0,6.0,9.0,5.0,6.0,6.0,5.0,3.0,3.0,6.0,3.0,9.0,4.0,4.0,6.0,3.0,4.0,8.0,5.0,8.0,7.0,6.0,3.0,4.0,8.0,4.0,9.0,7.0,10.0,3.0,3.0,9.0,5.0,9.0,10.0,6.0,14.0,9.0,6.0,7.0,3.0,4.0,4.0,8.0,8.0,4.0,5.0,10.0,7.0,4.0,8.0,7.0,2.0,5.0,2.0,2.0,16.0,4.0,5.0,7.0,10.0,4.0,6.0,9.0,2.0,2.0,5.0,10.0,8.0,6.0,6.0,9.0,6.0,5.0,2.0,8.0,4.0,4.0,5.0,4.0,7.0,4.0,5.0,16.0,9.0,2.0,5.0,6.0,9.0,3.0,10.0,3.0,4.0,3.0,10.0,2.0,8.0,7.0,9.0,6.0,4.0,3.0,10.0,4.0,7.0,4.0,7.0,7.0,3.0,4.0,4.0,6.0,7.0,8.0,6.0,6.0,5.0,3.0,5.0,5.0,6.0,3.0,9.0,4.0,3.0,4.0,6.0,10.0,3.0,4.0,8.0,3.0,9.0,9.0,3.0,2.0,5.0,2.0,4.0,4.0,4.0,3.0,4.0,7.0,2.0,8.0,5.0,5.0,8.0,5.0,4.0,6.0,5.0,10.0,2.0,2.0,4.0,5.0,6.0,14.0,3.0,3.0,5.0,6.0,7.0,4.0,4.0,5.0,6.0,11.0,3.0,8.0,4.0,6.0,3.0,9.0,3.0,2.0,3.0,8.0,9.0,9.0,5.0,8.0,6.0,5.0,7.0,6.0,4.0,4.0,2.0,4.0,9.0,5.0,6.0,4.0,4.0,6.0,7.0,3.0,2.0,3.0,4.0,8.0,5.0,4.0,5.0,5.0,6.0,4.0,4.0,6.0,4.0,4.0,8.0,5.0,4.0,5.0,5.0,6.0,7.0,5.0,2.0,3.0,7.0,9.0,8.0,7.0,6.0,2.0,11.0,3.0,2.0,4.0,15.0,5.0,9.0,5.0,8.0,5.0,4.0,5.0,10.0,5.0,8.0,3.0,5.0,3.0,2.0,3.0,8.0,3.0,6.0,4.0,7.0,7.0,5.0,4.0,5.0,6.0,4.0,5.0,3.0,4.0,6.0,3.0,5.0,2.0,4.0,5.0,14.0,5.0,3.0,2.0,3.0,5.0,5.0,6.0,15.0,6.0,6.0,4.0,13.0,4.0,9.0,4.0,6.0,9.0,3.0,6.0,7.0,9.0,9.0,8.0,8.0,3.0,4.0,4.0,2.0,6.0,2.0,7.0,4.0,5.0,5.0,9.0,4.0,13.0,10.0,8.0,7.0,10.0,5.0,2.0,8.0,4.0,4.0,4.0,3.0,7.0,8.0,2.0,6.0,9.0,6.0,8.0,4.0,8.0,5.0,6.0,7.0,4.0,5.0,6.0,4.0,5.0,4.0,5.0,5.0,4.0,9.0,4.0,4.0,3.0,14.0,7.0,5.0,5.0,4.0,5.0,5.0,3.0,5.0,4.0,4.0,5.0,9.0,4.0,5.0,4.0,5.0,3.0,3.0,2.0,4.0,9.0,6.0,6.0,5.0,3.0,8.0,5.0,6.0,10.0,5.0,8.0,4.0,7.0,6.0,3.0,8.0,10.0,4.0,4.0,8.0,4.0,7.0,4.0,3.0,7.0,8.0,4.0,8.0,9.0,9.0,6.0,3.0,4.0,3.0,2.0,6.0,5.0,5.0,5.0,6.0,4.0,7.0,5.0,5.0,3.0,5.0,4.0,3.0,10.0,3.0,7.0,9.0,4.0,8.0,6.0,6.0,12.0,7.0,8.0,8.0,6.0,2.0,5.0,2.0,4.0,5.0,7.0,9.0,3.0,12.0,4.0,9.0,1.0,2.0,5.0,5.0,6.0,3.0,3.0,4.0,5.0,3.0,4.0,5.0,4.0,5.0,7.0,7.0,7.0,3.0,4.0,4.0,12.0,4.0,7.0,6.0,4.0,8.0,5.0,7.0,6.0,4.0,5.0,7.0,10.0,2.0,5.0,4.0,4.0,6.0,5.0,6.0,3.0,3.0,5.0,6.0,5.0,6.0,5.0,8.0,5.0,5.0,5.0,7.0,4.0,10.0,9.0,7.0,7.0,4.0,3.0,4.0,5.0,4.0,11.0,8.0,3.0,5.0,4.0,2.0,5.0,4.0,6.0,4.0,3.0,6.0,5.0,8.0,12.0,18.0,6.0,9.0,6.0,5.0,4.0,4.0,5.0,6.0,4.0,2.0,3.0,6.0,4.0,7.0,6.0,4.0,4.0,5.0,9.0,9.0,6.0,3.0,7.0,8.0,5.0,5.0,5.0,6.0,3.0,2.0,5.0,4.0,4.0,7.0,2.0,9.0,3.0,7.0,8.0,4.0,3.0,3.0,5.0,3.0,6.0,2.0,6.0,6.0,3.0,2.0,8.0,4.0,7.0,7.0,8.0,5.0,7.0,11.0,4.0,4.0,4.0,4.0,2.0,6.0,5.0,4.0,6.0,4.0,9.0,4.0,4.0,7.0,4.0,4.0,8.0,5.0,4.0,6.0,9.0,5.0,9.0,4.0,9.0,8.0,5.0,3.0,6.0,4.0,7.0,3.0,3.0,5.0,4.0,5.0,8.0,4.0,9.0,4.0,9.0,13.0,6.0,3.0,4.0,5.0,3.0,3.0,8.0,6.0,7.0,5.0,9.0,6.0,5.0,7.0,3.0,5.0,5.0,5.0,7.0,5.0,6.0,2.0,5.0,2.0,10.0,6.0,11.0,2.0,4.0,9.0,10.0,4.0,2.0,8.0,5.0,6.0,4.0,3.0,6.0,4.0,3.0,5.0,8.0,4.0,3.0,3.0,4.0,5.0,5.0,5.0,6.0,5.0,6.0,7.0,5.0,9.0,3.0,4.0,2.0,4.0,4.0,4.0,7.0,6.0,15.0,10.0,6.0,9.0,9.0,4.0,4.0,11.0,5.0,7.0,5.0,4.0,0.2000000011030593,0.2500000083332194,0.24999999870265285,0.11111111071270531,0.16666666676426037,0.14285714221044016,0.1428571422457999,0.333333331655765,0.5000000102782649,0.14285714634401755,0.24999999869556985,0.20000000007041827,0.1111111112732861,0.499999999628871,0.2000000013097651,0.24999999881480708,0.5000000081519889,0.09090909177181795,0.16666666586528195,0.24999999864049605,0.24999999845185758,0.1666666660025545,0.1999999999671018,0.3333333587825096,0.3333333318612816,0.16666666631124977,0.24999999899205733,0.5000000011142177,0.1999999992816886,0.333333331604422,0.09999999976673934,0.12499999979442944,0.5000000577583783,0.19999999902846471,0.33333333320177005,0.2499999986838061,0.49999999843511933,0.1666666659259679,0.2499999996324258,0.3333333607698394,0.2500000006267026,0.33333333513572044,0.24999999856368207,0.11111111073230509,0.19999999898225188,0.1999999991362365,0.24999999931425787,0.20000001869734832,0.24999999920880042,0.1666666666203884,0.24999999871887946,0.14285714902589877,0.19999999857812076,0.4999999991862638,0.5000000185967262,0.2499999986766314,0.1999999988198258,0.3333333347590772,0.16666666591760246,0.3333333318124948,0.3333333323273275,0.11111111068356565,0.1111111109582615,0.25000000477261963,0.2499999982890616,0.0909090909223012,0.12499999951822129,0.166666682264963,0.11111111082686234,0.14285714211016526,0.12499999941437663,0.19999999937196075,0.11111111092123997,0.3333333629632918,0.14285714207738928,0.19999999951372127,0.24999999875525536,0.12499999940005362,0.2000000051388777,0.09999999985593064,0.33333333322023845,0.11111111060710968,0.16666666570780922,0.19999999888140546,1.0000000057505345,0.12499999918789896,0.1428571421683667,0.5000000005807621,0.05882353061873168,0.14285714223026605,0.16666666552190398,0.06666666711842695,0.33333333791579023,0.14285714231161567,0.16666666588705725,0.1250000003882497,0.24999999843666224,0.1428571418637625,0.09999999981502157,0.3333333358357465,0.16666666555039927,0.24999999867250644,0.08333333351529977,0.19999999865599483,0.25000000008762013,0.16666666616333073,0.11111111150804381,0.052631580408859305,0.19999999888309614,0.11111111158226146,0.5000000198111025,0.2499999984169651,0.1428571422847068,0.3333333345898565,0.199999999808947,0.11111111080362372,0.5000000015741844,0.1428571420953499,0.16666666707742223,0.16666667880438377,0.24999999948837612,0.19999999913557642,0.09999999983255259,0.11111111077927849,0.19999999995622858,0.1428571421809865,0.14285714238086303,0.24999999916802637,0.24999999895580327,0.11111111071678254,0.3333333342253639,0.1666666657540905,0.1999999993407831,0.16666666597617946,0.24999999974099205,0.16666666635827843,0.16666666593843069,0.1999999988005997,0.24999999855646782,0.1428571421828329,0.2499999990190472,0.24999999916078072,0.3333333329246104,0.24999999947292326,0.14285714245379572,0.5000000161296659,0.08333333357142618,0.33333333776268703,0.09999999964482731,0.33333333221122574,0.33333333195301523,0.25000001503470376,0.25000000538916606,0.3333333465069188,0.08333333473780642,0.08333333338774798,0.3333333338615819,0.11111111057663356,0.0999999999579251,0.14285714227229052,0.25000000038526693,0.24999999871203635,0.24999999847935242,0.33333333372560536,0.24999999907548512,0.11111111057155149,0.5000000051965243,0.14285714214227052,0.19999999904080376,0.166666665707455,0.09090909086452935,0.12499999953563047,0.24999999923178784,0.24999999839535939,0.19999999865896545,0.24999999888023974,0.24999999858891597,0.1428571421216734,0.09090909246473743,0.19999999990283227,0.5000000832564057,0.20000000051093095,0.16666666570616626,0.19999999872602284,0.09999999988969517,0.5000000015182778,0.500000000755455,0.20000000323992245,0.2500000000958254,0.5000000276318317,0.12499999938136323,0.19999999934548335,0.12499999928045026,0.20000000100826337,0.5000000012778357,0.14285714398127586,0.20000000131275017,0.19999999929692164,0.5000000317566147,0.1666666656551345,0.2500000010439992,0.07142857163258211,0.1428571424117348,0.19999999960090348,0.07692307695832742,0.3333333351544017,0.3333333334148916,0.14285714261946558,0.3333333329826508,0.12499999946867293,0.5000000091872676,0.12500000037082168,0.06250000090050004,0.24999999915953344,0.1666666668345402,0.16666666573466157,0.5000000014083014,0.24999999853906305,0.09999999976911457,0.20000000181541022,0.099999999801824,0.25000000055019633,0.2499999991652919,0.33333333536970755,0.2499999986211035,0.20000000113121355,0.10000000004470475,0.2500000073072042,0.11111111087175317,0.16666666687943357,0.16666666587374035,0.07692307734068891,0.19999999897399132,0.2499999987176353,0.0999999998353574,0.1111111111359005,0.33333335622361,0.25000000198304073,0.24999999917236987,0.5000000478345779,0.19999999932271575,0.5000000034437133,0.19999999994433232,0.14285714275336306,0.5000000044288577,0.19999999913563232,0.249999999793663,1.000000035919502,0.10000000034542643,0.14285714190606455,0.2499999986663806,0.11111111264210778,0.07692307725564265,0.09999999958285262,0.19999999951425698,0.24999999854346558,0.25000000058780825,0.11111111088207433,0.12499999962172806,0.11111111087858622,0.14285714239961622,0.2500000000870065,0.19999999963949636,0.12499999976054936,0.12499999942024376,0.3333333327314473,0.2500000005137991,0.16666666776469566,0.33333336783956313,0.08333333372461445,0.16666666700346458,0.500000054585055,0.20000000111576635,0.16666666568484567,0.24999999894148464,0.14285714253001175,0.14285714275107575,0.5000000012745575,0.3333333359834856,0.24999999878050935,0.33333333204439525,0.3333333501005411,0.24999999979818863,0.1999999993733192,0.14285714466577337,0.14285714190712342,0.1111111109257945,0.16666666574390376,0.5000000033245641,0.19999999891474482,0.16666666569867128,0.24999999871480222,0.16666666573295832,0.3333333319126993,0.11111111077935008,0.2500000019636985,0.20000000413657779,0.5000000005114946,0.1999999988854205,0.5000000008724445,0.24999999947212,0.16666666714393258,0.19999999929282433,0.3333333323261028,0.333333333714257,0.25000000068371137,0.3333333325076127,0.12500000012438123,0.2499999983202782,0.16666667049391076,0.16666666601913718,0.11111111057203131,0.19999999934793772,0.166666666533036,0.16666666657840162,0.2000000023253034,0.33333333407756544,0.33333334087149463,0.1666666664801377,0.33333334656912367,0.11111111071364485,0.24999999858624494,0.2500000088315379,0.16666666573604072,0.3333333332240704,0.24999999835707865,0.1250000002348718,0.20000000521991393,0.1249999998325965,0.14285714259809726,0.1666666660125378,0.3333333332791357,0.249999998728403,0.12499999944328266,0.24999999896804118,0.11111111095821,0.142857143016135,0.10000000107887942,0.33333333474502835,0.33333333293164,0.11111111060375471,0.20000000010925356,0.11111111101245857,0.09999999973330516,0.1666666667303376,0.07142857188936885,0.11111111092930773,0.166666665861363,0.14285714208982944,0.3333333515329365,0.2499999997640762,0.2500000024049064,0.12499999959212241,0.12499999961895214,0.2500000014069983,0.19999999862058987,0.09999999977969072,0.1428571426621633,0.25000000729581534,0.12499999948242192,0.14285714220023205,0.49999999852199095,0.1999999990773712,0.5000000038190816,0.5000000054063489,0.0625000004731887,0.2500000003776978,0.19999999915031583,0.14285714242495373,0.10000000085143583,0.24999999859685312,0.16666668067421941,0.11111111070296698,0.5000000203576719,0.500000042162383,0.1999999990869871,0.10000000008176395,0.12500000025775745,0.16666666749376677,0.16666666558176846,0.11111111099761932,0.16666666596362376,0.19999999958297113,0.5000000230045394,0.12499999957634862,0.250000016523488,0.24999999890382127,0.1999999989078879,0.24999999964799735,0.14285714257042467,0.2499999988729005,0.1999999992868586,0.06250000074651542,0.11111111047978021,0.4999999997477904,0.19999999870033613,0.16666666561401816,0.1111111107643513,0.3333333358581385,0.09999999969754349,0.33333333299547496,0.2499999989370306,0.33333333282189437,0.0999999994514786,0.5000000027760578,0.12500000094654823,0.14285714250370454,0.11111111067061678,0.16666666811555605,0.24999999918994298,0.3333333349182407,0.10000000046449847,0.24999999868134043,0.14285714233938746,0.2499999998600955,0.14285714252634654,0.14285714246387068,0.33333333369524415,0.24999999952189883,0.24999999850895935,0.16666666569838615,0.142857142066685,0.12499999937652861,0.16666666566633867,0.16666666577570505,0.20000000265516038,0.33333333235481194,0.1999999989648031,0.19999999923645675,0.1666666656972356,0.33333333223796596,0.11111111067056906,0.24999999967835668,0.3333333329218471,0.24999999917114457,0.16666666566668537,0.099999999989234,0.33333333154469447,0.25000000248980125,0.12499999947516181,0.33333333195297565,0.11111111073556712,0.11111111054129644,0.33333333259188774,0.5000000003197967,0.20000000043128205,0.5000000027101165,0.2499999983272004,0.25000000013083096,0.24999999988310112,0.33333333305923896,0.2499999986166206,0.14285714210577277,0.5000000031642673,0.12499999966081457,0.19999999882280334,0.19999999892254755,0.12499999965464348,0.19999999872129873,0.24999999855476837,0.16666666628276702,0.19999999878557456,0.0999999997302416,0.500000005246403,0.5000000018252447,0.24999999892946842,0.1999999995393527,0.16666666568571237,0.07142857202303521,0.3333333367659094,0.33333333513248325,0.19999999922268263,0.16666666569011868,0.1428571465931799,0.2500000013447831,0.2499999985668411,0.2000000080060788,0.1666666668741819,0.09090909096723097,0.3333333327713873,0.12499999973147,0.2500000001484995,0.16666666627751162,0.33333333287047523,0.111111110734198,0.3333333319954514,0.49999999875616963,0.33333333274837823,0.1249999992535037,0.11111111072948646,0.1111111107626041,0.20000000038407878,0.12499999931466446,0.16666666571189773,0.20000000106238258,0.14285714225608212,0.16666666571735034,0.24999999968141834,0.2499999989455782,0.4999999983046085,0.24999999975445214,0.11111111056516938,0.19999999874421392,0.16666666654892534,0.25000003469998117,0.24999999856866117,0.16666667115508924,0.1428571423823251,0.33333333367741075,0.5000000064554326,0.3333333728783296,0.24999999897688835,0.12499999938444564,0.20000000311824281,0.24999999844194276,0.19999999899611454,0.19999999893668466,0.16666666582201398,0.25000000181015536,0.25000000667104477,0.16666666587408327,0.24999999845753315,0.2499999988825126,0.12499999958802133,0.19999999965282142,0.25000000135727474,0.20000000141564084,0.19999999909227578,0.1666666662245392,0.14285714262710125,0.19999999941551072,0.5000000034472614,0.33333333683735683,0.1428571425352408,0.11111111099374056,0.12499999952063169,0.14285714300679483,0.16666666618537482,0.5000000075923507,0.09090909085608853,0.33333333256225917,0.5000000201864188,0.24999999918941668,0.0666666670280474,0.19999999870132087,0.11111111065543838,0.19999999957106482,0.1250000026801991,0.20000000103216772,0.24999999841965184,0.1999999987721647,0.09999999957949388,0.19999999907858834,0.12500000065789488,0.3333333337702933,0.19999999882128222,0.3333333407970537,0.4999999980077417,0.33333333151495187,0.12500000054903723,0.3333333351377628,0.16666666579587508,0.24999999869345085,0.1428571429304896,0.14285714211357803,0.19999999861436227,0.250000008471954,0.19999999883291786,0.16666666567396055,0.24999999910744655,0.19999999887789663,0.33333333368402834,0.2500000067835909,0.1666666675851336,0.3333333333594315,0.19999999928186446,0.5000000021848138,0.249999998755928,0.19999999921794975,0.07142857226372913,0.1999999991337746,0.33333333764510065,0.5000000071419484,0.333333336099501,0.20000000256838577,0.19999999981794614,0.16666666618137296,0.06666666740504795,0.16666666722215837,0.16666666736175842,0.24999999919049753,0.07692307739078867,0.24999999982766744,0.1111111107359678,0.249999998903018,0.16666666579243594,0.11111111075279291,0.3333333322003789,0.16666666637272956,0.14285714210562206,0.1111111118458649,0.11111111080529931,0.12499999990893691,0.1250000005200709,0.3333333315249314,0.24999999914787768,0.24999999833138,0.5000000318353706,0.16666667077224168,0.5000000040646039,0.1428571423993336,0.249999999353264,0.19999999942545632,0.19999999916745684,0.11111111073702667,0.24999999930257955,0.07692307754585603,0.09999999982279792,0.12500000003524772,0.14285714256623191,0.10000000026389719,0.19999999897445353,0.5000000084368202,0.12499999939772109,0.2500000027143038,0.2499999988541806,0.2500000005292111,0.3333333322744119,0.14285714207025227,0.12500000125000188,0.5000000010738119,0.1666666656925002,0.11111111081672331,0.16666666693486035,0.12499999976595676,0.24999999850028112,0.1249999995047499,0.19999999887624864,0.166666665678662,0.14285714229270674,0.24999999977023032,0.1999999988546379,0.16666666553790135,0.24999999888774352,0.20000000276734034,0.24999999829952785,0.20000000055314193,0.2000000007977837,0.24999999864630035,0.11111111349908685,0.2499999994599166,0.2499999983212083,0.3333333324383446,0.07142857156334982,0.1428571435675163,0.1999999993803281,0.19999999935534793,0.24999999830119968,0.19999999885240838,0.19999999910243993,0.3333333332782241,0.20000000107137167,0.249999999566882,0.2499999988881913,0.199999998975893,0.11111111077032143,0.25000000431685065,0.1999999989107467,0.2499999983420472,0.19999999873636032,0.33333333593883246,0.3333333539589331,0.4999999994510809,0.25000000252308097,0.11111111093277198,0.1666666673527084,0.16666666669926858,0.19999999982724362,0.3333333315744226,0.12499999943663803,0.19999999876802343,0.16666666595439789,0.09999999979318598,0.20000000011043176,0.1250000011023014,0.2499999989388852,0.14285714211834608,0.166666665918233,0.33333335459610236,0.1249999993829597,0.10000000099241506,0.24999999857969074,0.24999999882344384,0.12499999951256016,0.24999999936425338,0.14285714197464242,0.25000000190107124,0.33333333273719884,0.14285714331497384,0.12499999961435491,0.24999999857451133,0.12499999967785447,0.11111111043188737,0.11111111118084156,0.1666666661128328,0.33333333238261953,0.2499999997761169,0.33333335304874046,0.5000000739940692,0.16666666679910136,0.19999999937331542,0.20000000093713818,0.19999999862681686,0.16666666569225147,0.2499999984702377,0.1428571422889184,0.2000000034973517,0.200000003005421,0.33333333894482786,0.20000000119455674,0.24999999908165246,0.33333333204137566,0.1000000039704446,0.3333333349378913,0.14285714231011842,0.1111111109010737,0.2500000013496064,0.12499999941508254,0.16666666596738317,0.1666666654849038,0.08333333355028395,0.1428571425732521,0.12499999917528923,0.1250000003354092,0.16666666642284692,0.5000000251858003,0.199999999078746,0.5000000045380282,0.24999999862056968,0.19999999942784286,0.14285714215925893,0.11111111075633756,0.33333338616089137,0.08333333351227264,0.24999999903353162,0.1111111109915864,1.0000000092939663,0.5000000252658993,0.19999999868455418,0.1999999988533768,0.16666666761795354,0.33333333142508736,0.33333333231649853,0.2499999997416653,0.20000000105168522,0.33333335117176366,0.24999999873402518,0.1999999990891444,0.2500000128957134,0.19999999934363127,0.14285714221479875,0.14285714241247463,0.14285714284575862,0.33333333716261276,0.2500000005966466,0.24999999963974873,0.0833333334450777,0.25000000328252775,0.142857142560719,0.166666665730411,0.24999999833074443,0.12499999940513569,0.200000001559374,0.14285714363218904,0.16666666606766184,0.2500000038188343,0.1999999991021209,0.14285714228712726,0.10000000045605263,0.499999999826816,0.19999999926364825,0.2500000062556046,0.24999999866589637,0.16666666605567512,0.19999999892447623,0.16666666682416129,0.3333333320327056,0.3333333338407135,0.1999999997098522,0.16666666720590978,0.19999999924983206,0.16666666614405248,0.19999999932157397,0.12499999952788302,0.20000000004509141,0.1999999989416882,0.20000000642491342,0.14285714420786658,0.25000000152332896,0.09999999974701772,0.11111111091569692,0.14285714224110974,0.14285714241209155,0.24999999923005256,0.3333333355894407,0.24999999931621672,0.1999999992856264,0.2500000093987966,0.09090909096680894,0.12499999971316271,0.33333333278897676,0.20000000040100185,0.25000000013524476,0.5000000028449567,0.19999999901734722,0.24999999928805805,0.16666666579771522,0.25000000028123137,0.33333333206023275,0.16666666660532556,0.20000001092813455,0.12499999943110754,0.08333333322447092,0.055555556654465536,0.16666666663415497,0.11111111059139997,0.1666666676611248,0.20000000791956923,0.2499999989007822,0.24999999939323228,0.19999999910501992,0.16666666616481163,0.2500000024185932,0.5000000186362819,0.3333333332677717,0.1666666664741588,0.2499999983546381,0.14285714280874964,0.16666666728751692,0.24999999890338856,0.24999999877494555,0.1999999998298669,0.11111111066111082,0.11111111083854132,0.16666666567904134,0.3333333336362834,0.1428571426843418,0.12499999969167883,0.19999999868190763,0.1999999987875359,0.199999999948353,0.16666666592183668,0.3333333398515487,0.5000000008028262,0.1999999988185578,0.250000001798845,0.25000000215442825,0.14285714290720325,0.5000000001938254,0.11111111089072113,0.3333333345100612,0.14285714225844984,0.12499999968832888,0.24999999930200362,0.33333333764251843,0.3333333329926369,0.19999999905229243,0.3333333349629481,0.16666666993084167,0.4999999985581599,0.16666666595556603,0.16666666567496413,0.33333335779064577,0.5000000896651582,0.12499999941031198,0.25000000222208857,0.1428571422242846,0.1428571427861265,0.12499999960794014,0.19999999885588832,0.14285714194029633,0.09090909088190964,0.24999999858907676,0.24999999914688978,0.24999999884123864,0.24999999833067094,0.5000000135281512,0.1666666656998055,0.19999999873665614,0.24999999905295242,0.16666666559079713,0.2499999991284726,0.11111111080095204,0.2500000005564177,0.2499999984042568,0.14285714228800023,0.25000000064186023,0.2500000019487562,0.12499999960786101,0.19999999875752203,0.24999999864994799,0.1666666660124461,0.11111111066743139,0.19999999882128663,0.11111111078209712,0.24999999865466205,0.11111111155802551,0.12500000030247618,0.20000000051891015,0.33333333250235575,0.16666666594863627,0.2499999987417444,0.14285714226833135,0.3333333767483773,0.333333331989936,0.19999999866684479,0.2500000012462843,0.19999999900618323,0.12499999963390068,0.25000000003685147,0.11111111321955512,0.2500000062979638,0.1111111106610053,0.07692307757568025,0.16666666651988238,0.3333333398717263,0.24999999931558242,0.19999999991464437,0.33333333282042693,0.3333333511141862,0.12499999919037719,0.16666666812583952,0.1428571422140137,0.19999999980242736,0.11111111088212708,0.1666666657626331,0.200000001664454,0.142857142086119,0.33333335341159887,0.1999999993919116,0.19999999932435178,0.19999999952879102,0.14285714215050785,0.19999999914167027,0.16666666579846634,0.5000000336064216,0.19999999944918984,0.5000000133874087,0.09999999987806266,0.16666666705639302,0.09090909074199933,0.4999999991159993,0.24999999873598028,0.11111111086990046,0.09999999986092102,0.25000000524933674,0.5000000058972723,0.12499999948852268,0.19999999930323906,0.16666666650374687,0.24999999843654983,0.3333333422603328,0.16666666594335072,0.24999999861421332,0.33333333864539866,0.19999999935957083,0.12499999944300758,0.2500000014170959,0.3333333344029322,0.3333333338357605,0.2499999986840862,0.2000000005445479,0.19999999920524458,0.19999999960717693,0.16666666662449828,0.19999999913147912,0.16666666602217312,0.142857142095841,0.19999999883122718,0.11111111069210822,0.3333333341965266,0.24999999971290687,0.49999999860459227,0.2499999998764458,0.2500000065531503,0.24999999933130782,0.1428571470736546,0.16666666604531252,0.06666666749872092,0.10000000007148926,0.16666666588498222,0.11111111106928462,0.11111111050118372,0.24999999887598542,0.25000000020014485,0.09090909231719019,0.20000000086398445,0.1428571424522344,0.19999999863098952,0.24999999858449776,5.0,0.2000000011030593,1.41421356,4.0,0.2500000083332194,1.41421356,4.0,0.24999999870265285,1.41421356,9.0,0.11111111071270531,1.41421356,6.0,0.16666666676426037,1.41421356,7.0,0.14285714221044016,1.41421356,7.0,0.1428571422457999,1.41421356,3.0,0.333333331655765,1.41421356,2.0,0.5000000102782649,1.41421356,7.0,0.14285714634401755,1.41421356,4.0,0.24999999869556985,1.41421356,5.0,0.20000000007041827,1.41421356,9.0,0.1111111112732861,1.41421356,2.0,0.499999999628871,1.41421356,5.0,0.2000000013097651,1.41421356,4.0,0.24999999881480708,1.41421356,2.0,0.5000000081519889,1.41421356,11.0,0.09090909177181795,1.41421356,6.0,0.16666666586528195,1.41421356,4.0,0.24999999864049605,1.41421356,4.0,0.24999999845185758,1.41421356,6.0,0.1666666660025545,1.41421356,5.0,0.1999999999671018,1.41421356,3.0,0.3333333587825096,1.41421356,3.0,0.3333333318612816,1.41421356,6.0,0.16666666631124977,1.41421356,4.0,0.24999999899205733,1.41421356,2.0,0.5000000011142177,1.41421356,5.0,0.1999999992816886,1.41421356,3.0,0.333333331604422,1.41421356,10.0,0.09999999976673934,1.41421356,8.0,0.12499999979442944,1.41421356,2.0,0.5000000577583783,1.41421356,5.0,0.19999999902846471,1.41421356,3.0,0.33333333320177005,1.41421356,4.0,0.2499999986838061,1.41421356,2.0,0.49999999843511933,1.41421356,6.0,0.1666666659259679,1.41421356,4.0,0.2499999996324258,1.41421356,3.0,0.3333333607698394,1.41421356,4.0,0.2500000006267026,1.41421356,3.0,0.33333333513572044,1.41421356,4.0,0.24999999856368207,1.41421356,9.0,0.11111111073230509,1.41421356,5.0,0.19999999898225188,1.41421356,5.0,0.1999999991362365,1.41421356,4.0,0.24999999931425787,1.41421356,5.0,0.20000001869734832,1.41421356,4.0,0.24999999920880042,1.41421356,6.0,0.1666666666203884,1.41421356,4.0,0.24999999871887946,1.41421356,7.0,0.14285714902589877,1.41421356,5.0,0.19999999857812076,1.41421356,2.0,0.4999999991862638,1.41421356,2.0,0.5000000185967262,1.41421356,4.0,0.2499999986766314,1.41421356,5.0,0.1999999988198258,1.41421356,3.0,0.3333333347590772,1.41421356,6.0,0.16666666591760246,1.41421356,3.0,0.3333333318124948,1.41421356,3.0,0.3333333323273275,1.41421356,9.0,0.11111111068356565,1.41421356,9.0,0.1111111109582615,1.41421356,4.0,0.25000000477261963,1.41421356,4.0,0.2499999982890616,1.41421356,11.0,0.0909090909223012,1.41421356,8.0,0.12499999951822129,1.41421356,6.0,0.166666682264963,1.41421356,9.0,0.11111111082686234,1.41421356,7.0,0.14285714211016526,1.41421356,8.0,0.12499999941437663,1.41421356,5.0,0.19999999937196075,1.41421356,9.0,0.11111111092123997,1.41421356,3.0,0.3333333629632918,1.41421356,7.0,0.14285714207738928,1.41421356,5.0,0.19999999951372127,1.41421356,4.0,0.24999999875525536,1.41421356,8.0,0.12499999940005362,1.41421356,5.0,0.2000000051388777,1.41421356,10.0,0.09999999985593064,1.41421356,3.0,0.33333333322023845,1.41421356,9.0,0.11111111060710968,1.41421356,6.0,0.16666666570780922,1.41421356,5.0,0.19999999888140546,1.41421356,1.0,1.0000000057505345,1.41421356,8.0,0.12499999918789896,1.41421356,7.0,0.1428571421683667,1.41421356,2.0,0.5000000005807621,1.41421356,17.0,0.05882353061873168,1.41421356,7.0,0.14285714223026605,1.41421356,6.0,0.16666666552190398,1.41421356,15.0,0.06666666711842695,1.41421356,3.0,0.33333333791579023,1.41421356,7.0,0.14285714231161567,1.41421356,6.0,0.16666666588705725,1.41421356,8.0,0.1250000003882497,1.41421356,4.0,0.24999999843666224,1.41421356,7.0,0.1428571418637625,1.41421356,10.0,0.09999999981502157,1.41421356,3.0,0.3333333358357465,1.41421356,6.0,0.16666666555039927,1.41421356,4.0,0.24999999867250644,1.41421356,12.0,0.08333333351529977,1.41421356,5.0,0.19999999865599483,1.41421356,4.0,0.25000000008762013,1.41421356,6.0,0.16666666616333073,1.41421356,9.0,0.11111111150804381,1.41421356,19.0,0.052631580408859305,1.41421356,5.0,0.19999999888309614,1.41421356,9.0,0.11111111158226146,1.41421356,2.0,0.5000000198111025,1.41421356,4.0,0.2499999984169651,1.41421356,7.0,0.1428571422847068,1.41421356,3.0,0.3333333345898565,1.41421356,5.0,0.199999999808947,1.41421356,9.0,0.11111111080362372,1.41421356,2.0,0.5000000015741844,1.41421356,7.0,0.1428571420953499,1.41421356,6.0,0.16666666707742223,1.41421356,6.0,0.16666667880438377,1.41421356,4.0,0.24999999948837612,1.41421356,5.0,0.19999999913557642,1.41421356,10.0,0.09999999983255259,1.41421356,9.0,0.11111111077927849,1.41421356,5.0,0.19999999995622858,1.41421356,7.0,0.1428571421809865,1.41421356,7.0,0.14285714238086303,1.41421356,4.0,0.24999999916802637,1.41421356,4.0,0.24999999895580327,1.41421356,9.0,0.11111111071678254,1.41421356,3.0,0.3333333342253639,1.41421356,6.0,0.1666666657540905,1.41421356,5.0,0.1999999993407831,1.41421356,6.0,0.16666666597617946,1.41421356,4.0,0.24999999974099205,1.41421356,6.0,0.16666666635827843,1.41421356,6.0,0.16666666593843069,1.41421356,5.0,0.1999999988005997,1.41421356,4.0,0.24999999855646782,1.41421356,7.0,0.1428571421828329,1.41421356,4.0,0.2499999990190472,1.41421356,4.0,0.24999999916078072,1.41421356,3.0,0.3333333329246104,1.41421356,4.0,0.24999999947292326,1.41421356,7.0,0.14285714245379572,1.41421356,2.0,0.5000000161296659,1.41421356,12.0,0.08333333357142618,1.41421356,3.0,0.33333333776268703,1.41421356,10.0,0.09999999964482731,1.41421356,3.0,0.33333333221122574,1.41421356,3.0,0.33333333195301523,1.41421356,4.0,0.25000001503470376,1.41421356,4.0,0.25000000538916606,1.41421356,3.0,0.3333333465069188,1.41421356,12.0,0.08333333473780642,1.41421356,12.0,0.08333333338774798,1.41421356,3.0,0.3333333338615819,1.41421356,9.0,0.11111111057663356,1.41421356,10.0,0.0999999999579251,1.41421356,7.0,0.14285714227229052,1.41421356,4.0,0.25000000038526693,1.41421356,4.0,0.24999999871203635,1.41421356,4.0,0.24999999847935242,1.41421356,3.0,0.33333333372560536,1.41421356,4.0,0.24999999907548512,1.41421356,9.0,0.11111111057155149,1.41421356,2.0,0.5000000051965243,1.41421356,7.0,0.14285714214227052,1.41421356,5.0,0.19999999904080376,1.41421356,6.0,0.166666665707455,1.41421356,11.0,0.09090909086452935,1.41421356,8.0,0.12499999953563047,1.41421356,4.0,0.24999999923178784,1.41421356,4.0,0.24999999839535939,1.41421356,5.0,0.19999999865896545,1.41421356,4.0,0.24999999888023974,1.41421356,4.0,0.24999999858891597,1.41421356,7.0,0.1428571421216734,1.41421356,11.0,0.09090909246473743,1.41421356,5.0,0.19999999990283227,1.41421356,2.0,0.5000000832564057,1.41421356,5.0,0.20000000051093095,1.41421356,6.0,0.16666666570616626,1.41421356,5.0,0.19999999872602284,1.41421356,10.0,0.09999999988969517,1.41421356,2.0,0.5000000015182778,1.41421356,2.0,0.500000000755455,1.41421356,5.0,0.20000000323992245,1.41421356,4.0,0.2500000000958254,1.41421356,2.0,0.5000000276318317,1.41421356,8.0,0.12499999938136323,1.41421356,5.0,0.19999999934548335,1.41421356,8.0,0.12499999928045026,1.41421356,5.0,0.20000000100826337,1.41421356,2.0,0.5000000012778357,1.41421356,7.0,0.14285714398127586,1.41421356,5.0,0.20000000131275017,1.41421356,5.0,0.19999999929692164,1.41421356,2.0,0.5000000317566147,1.41421356,6.0,0.1666666656551345,1.41421356,4.0,0.2500000010439992,1.41421356,14.0,0.07142857163258211,1.41421356,7.0,0.1428571424117348,1.41421356,5.0,0.19999999960090348,1.41421356,13.0,0.07692307695832742,1.41421356,3.0,0.3333333351544017,1.41421356,3.0,0.3333333334148916,1.41421356,7.0,0.14285714261946558,1.41421356,3.0,0.3333333329826508,1.41421356,8.0,0.12499999946867293,1.41421356,2.0,0.5000000091872676,1.41421356,8.0,0.12500000037082168,1.41421356,16.0,0.06250000090050004,1.41421356,4.0,0.24999999915953344,1.41421356,6.0,0.1666666668345402,1.41421356,6.0,0.16666666573466157,1.41421356,2.0,0.5000000014083014,1.41421356,4.0,0.24999999853906305,1.41421356,10.0,0.09999999976911457,1.41421356,5.0,0.20000000181541022,1.41421356,10.0,0.099999999801824,1.41421356,4.0,0.25000000055019633,1.41421356,4.0,0.2499999991652919,1.41421356,3.0,0.33333333536970755,1.41421356,4.0,0.2499999986211035,1.41421356,5.0,0.20000000113121355,1.41421356,10.0,0.10000000004470475,1.41421356,4.0,0.2500000073072042,1.41421356,9.0,0.11111111087175317,1.41421356,6.0,0.16666666687943357,1.41421356,6.0,0.16666666587374035,1.41421356,13.0,0.07692307734068891,1.41421356,5.0,0.19999999897399132,1.41421356,4.0,0.2499999987176353,1.41421356,10.0,0.0999999998353574,1.41421356,9.0,0.1111111111359005,1.41421356,3.0,0.33333335622361,1.41421356,4.0,0.25000000198304073,1.41421356,4.0,0.24999999917236987,1.41421356,2.0,0.5000000478345779,1.41421356,5.0,0.19999999932271575,1.41421356,2.0,0.5000000034437133,1.41421356,5.0,0.19999999994433232,1.41421356,7.0,0.14285714275336306,1.41421356,2.0,0.5000000044288577,1.41421356,5.0,0.19999999913563232,1.41421356,4.0,0.249999999793663,1.41421356,1.0,1.000000035919502,1.41421356,10.0,0.10000000034542643,1.41421356,7.0,0.14285714190606455,1.41421356,4.0,0.2499999986663806,1.41421356,9.0,0.11111111264210778,1.41421356,13.0,0.07692307725564265,1.41421356,10.0,0.09999999958285262,1.41421356,5.0,0.19999999951425698,1.41421356,4.0,0.24999999854346558,1.41421356,4.0,0.25000000058780825,1.41421356,9.0,0.11111111088207433,1.41421356,8.0,0.12499999962172806,1.41421356,9.0,0.11111111087858622,1.41421356,7.0,0.14285714239961622,1.41421356,4.0,0.2500000000870065,1.41421356,5.0,0.19999999963949636,1.41421356,8.0,0.12499999976054936,1.41421356,8.0,0.12499999942024376,1.41421356,3.0,0.3333333327314473,1.41421356,4.0,0.2500000005137991,1.41421356,6.0,0.16666666776469566,1.41421356,3.0,0.33333336783956313,1.41421356,12.0,0.08333333372461445,1.41421356,6.0,0.16666666700346458,1.41421356,2.0,0.500000054585055,1.41421356,5.0,0.20000000111576635,1.41421356,6.0,0.16666666568484567,1.41421356,4.0,0.24999999894148464,1.41421356,7.0,0.14285714253001175,1.41421356,7.0,0.14285714275107575,1.41421356,2.0,0.5000000012745575,1.41421356,3.0,0.3333333359834856,1.41421356,4.0,0.24999999878050935,1.41421356,3.0,0.33333333204439525,1.41421356,3.0,0.3333333501005411,1.41421356,4.0,0.24999999979818863,1.41421356,5.0,0.1999999993733192,1.41421356,7.0,0.14285714466577337,1.41421356,7.0,0.14285714190712342,1.41421356,9.0,0.1111111109257945,1.41421356,6.0,0.16666666574390376,1.41421356,2.0,0.5000000033245641,1.41421356,5.0,0.19999999891474482,1.41421356,6.0,0.16666666569867128,1.41421356,4.0,0.24999999871480222,1.41421356,6.0,0.16666666573295832,1.41421356,3.0,0.3333333319126993,1.41421356,9.0,0.11111111077935008,1.41421356,4.0,0.2500000019636985,1.41421356,5.0,0.20000000413657779,1.41421356,2.0,0.5000000005114946,1.41421356,5.0,0.1999999988854205,1.41421356,2.0,0.5000000008724445,1.41421356,4.0,0.24999999947212,1.41421356,6.0,0.16666666714393258,1.41421356,5.0,0.19999999929282433,1.41421356,3.0,0.3333333323261028,1.41421356,3.0,0.333333333714257,1.41421356,4.0,0.25000000068371137,1.41421356,3.0,0.3333333325076127,1.41421356,8.0,0.12500000012438123,1.41421356,4.0,0.2499999983202782,1.41421356,6.0,0.16666667049391076,1.41421356,6.0,0.16666666601913718,1.41421356,9.0,0.11111111057203131,1.41421356,5.0,0.19999999934793772,1.41421356,6.0,0.166666666533036,1.41421356,6.0,0.16666666657840162,1.41421356,5.0,0.2000000023253034,1.41421356,3.0,0.33333333407756544,1.41421356,3.0,0.33333334087149463,1.41421356,6.0,0.1666666664801377,1.41421356,3.0,0.33333334656912367,1.41421356,9.0,0.11111111071364485,1.41421356,4.0,0.24999999858624494,1.41421356,4.0,0.2500000088315379,1.41421356,6.0,0.16666666573604072,1.41421356,3.0,0.3333333332240704,1.41421356,4.0,0.24999999835707865,1.41421356,8.0,0.1250000002348718,1.41421356,5.0,0.20000000521991393,1.41421356,8.0,0.1249999998325965,1.41421356,7.0,0.14285714259809726,1.41421356,6.0,0.1666666660125378,1.41421356,3.0,0.3333333332791357,1.41421356,4.0,0.249999998728403,1.41421356,8.0,0.12499999944328266,1.41421356,4.0,0.24999999896804118,1.41421356,9.0,0.11111111095821,1.41421356,7.0,0.142857143016135,1.41421356,10.0,0.10000000107887942,1.41421356,3.0,0.33333333474502835,1.41421356,3.0,0.33333333293164,1.41421356,9.0,0.11111111060375471,1.41421356,5.0,0.20000000010925356,1.41421356,9.0,0.11111111101245857,1.41421356,10.0,0.09999999973330516,1.41421356,6.0,0.1666666667303376,1.41421356,14.0,0.07142857188936885,1.41421356,9.0,0.11111111092930773,1.41421356,6.0,0.166666665861363,1.41421356,7.0,0.14285714208982944,1.41421356,3.0,0.3333333515329365,1.41421356,4.0,0.2499999997640762,1.41421356,4.0,0.2500000024049064,1.41421356,8.0,0.12499999959212241,1.41421356,8.0,0.12499999961895214,1.41421356,4.0,0.2500000014069983,1.41421356,5.0,0.19999999862058987,1.41421356,10.0,0.09999999977969072,1.41421356,7.0,0.1428571426621633,1.41421356,4.0,0.25000000729581534,1.41421356,8.0,0.12499999948242192,1.41421356,7.0,0.14285714220023205,1.41421356,2.0,0.49999999852199095,1.41421356,5.0,0.1999999990773712,1.41421356,2.0,0.5000000038190816,1.41421356,2.0,0.5000000054063489,1.41421356,16.0,0.0625000004731887,1.41421356,4.0,0.2500000003776978,1.41421356,5.0,0.19999999915031583,1.41421356,7.0,0.14285714242495373,1.41421356,10.0,0.10000000085143583,1.41421356,4.0,0.24999999859685312,1.41421356,6.0,0.16666668067421941,1.41421356,9.0,0.11111111070296698,1.41421356,2.0,0.5000000203576719,1.41421356,2.0,0.500000042162383,1.41421356,5.0,0.1999999990869871,1.41421356,10.0,0.10000000008176395,1.41421356,8.0,0.12500000025775745,1.41421356,6.0,0.16666666749376677,1.41421356,6.0,0.16666666558176846,1.41421356,9.0,0.11111111099761932,1.41421356,6.0,0.16666666596362376,1.41421356,5.0,0.19999999958297113,1.41421356,2.0,0.5000000230045394,1.41421356,8.0,0.12499999957634862,1.41421356,4.0,0.250000016523488,1.41421356,4.0,0.24999999890382127,1.41421356,5.0,0.1999999989078879,1.41421356,4.0,0.24999999964799735,1.41421356,7.0,0.14285714257042467,1.41421356,4.0,0.2499999988729005,1.41421356,5.0,0.1999999992868586,1.41421356,16.0,0.06250000074651542,1.41421356,9.0,0.11111111047978021,1.41421356,2.0,0.4999999997477904,1.41421356,5.0,0.19999999870033613,1.41421356,6.0,0.16666666561401816,1.41421356,9.0,0.1111111107643513,1.41421356,3.0,0.3333333358581385,1.41421356,10.0,0.09999999969754349,1.41421356,3.0,0.33333333299547496,1.41421356,4.0,0.2499999989370306,1.41421356,3.0,0.33333333282189437,1.41421356,10.0,0.0999999994514786,1.41421356,2.0,0.5000000027760578,1.41421356,8.0,0.12500000094654823,1.41421356,7.0,0.14285714250370454,1.41421356,9.0,0.11111111067061678,1.41421356,6.0,0.16666666811555605,1.41421356,4.0,0.24999999918994298,1.41421356,3.0,0.3333333349182407,1.41421356,10.0,0.10000000046449847,1.41421356,4.0,0.24999999868134043,1.41421356,7.0,0.14285714233938746,1.41421356,4.0,0.2499999998600955,1.41421356,7.0,0.14285714252634654,1.41421356,7.0,0.14285714246387068,1.41421356,3.0,0.33333333369524415,1.41421356,4.0,0.24999999952189883,1.41421356,4.0,0.24999999850895935,1.41421356,6.0,0.16666666569838615,1.41421356,7.0,0.142857142066685,1.41421356,8.0,0.12499999937652861,1.41421356,6.0,0.16666666566633867,1.41421356,6.0,0.16666666577570505,1.41421356,5.0,0.20000000265516038,1.41421356,3.0,0.33333333235481194,1.41421356,5.0,0.1999999989648031,1.41421356,5.0,0.19999999923645675,1.41421356,6.0,0.1666666656972356,1.41421356,3.0,0.33333333223796596,1.41421356,9.0,0.11111111067056906,1.41421356,4.0,0.24999999967835668,1.41421356,3.0,0.3333333329218471,1.41421356,4.0,0.24999999917114457,1.41421356,6.0,0.16666666566668537,1.41421356,10.0,0.099999999989234,1.41421356,3.0,0.33333333154469447,1.41421356,4.0,0.25000000248980125,1.41421356,8.0,0.12499999947516181,1.41421356,3.0,0.33333333195297565,1.41421356,9.0,0.11111111073556712,1.41421356,9.0,0.11111111054129644,1.41421356,3.0,0.33333333259188774,1.41421356,2.0,0.5000000003197967,1.41421356,5.0,0.20000000043128205,1.41421356,2.0,0.5000000027101165,1.41421356,4.0,0.2499999983272004,1.41421356,4.0,0.25000000013083096,1.41421356,4.0,0.24999999988310112,1.41421356,3.0,0.33333333305923896,1.41421356,4.0,0.2499999986166206,1.41421356,7.0,0.14285714210577277,1.41421356,2.0,0.5000000031642673,1.41421356,8.0,0.12499999966081457,1.41421356,5.0,0.19999999882280334,1.41421356,5.0,0.19999999892254755,1.41421356,8.0,0.12499999965464348,1.41421356,5.0,0.19999999872129873,1.41421356,4.0,0.24999999855476837,1.41421356,6.0,0.16666666628276702,1.41421356,5.0,0.19999999878557456,1.41421356,10.0,0.0999999997302416,1.41421356,2.0,0.500000005246403,1.41421356,2.0,0.5000000018252447,1.41421356,4.0,0.24999999892946842,1.41421356,5.0,0.1999999995393527,1.41421356,6.0,0.16666666568571237,1.41421356,14.0,0.07142857202303521,1.41421356,3.0,0.3333333367659094,1.41421356,3.0,0.33333333513248325,1.41421356,5.0,0.19999999922268263,1.41421356,6.0,0.16666666569011868,1.41421356,7.0,0.1428571465931799,1.41421356,4.0,0.2500000013447831,1.41421356,4.0,0.2499999985668411,1.41421356,5.0,0.2000000080060788,1.41421356,6.0,0.1666666668741819,1.41421356,11.0,0.09090909096723097,1.41421356,3.0,0.3333333327713873,1.41421356,8.0,0.12499999973147,1.41421356,4.0,0.2500000001484995,1.41421356,6.0,0.16666666627751162,1.41421356,3.0,0.33333333287047523,1.41421356,9.0,0.111111110734198,1.41421356,3.0,0.3333333319954514,1.41421356,2.0,0.49999999875616963,1.41421356,3.0,0.33333333274837823,1.41421356,8.0,0.1249999992535037,1.41421356,9.0,0.11111111072948646,1.41421356,9.0,0.1111111107626041,1.41421356,5.0,0.20000000038407878,1.41421356,8.0,0.12499999931466446,1.41421356,6.0,0.16666666571189773,1.41421356,5.0,0.20000000106238258,1.41421356,7.0,0.14285714225608212,1.41421356,6.0,0.16666666571735034,1.41421356,4.0,0.24999999968141834,1.41421356,4.0,0.2499999989455782,1.41421356,2.0,0.4999999983046085,1.41421356,4.0,0.24999999975445214,1.41421356,9.0,0.11111111056516938,1.41421356,5.0,0.19999999874421392,1.41421356,6.0,0.16666666654892534,1.41421356,4.0,0.25000003469998117,1.41421356,4.0,0.24999999856866117,1.41421356,6.0,0.16666667115508924,1.41421356,7.0,0.1428571423823251,1.41421356,3.0,0.33333333367741075,1.41421356,2.0,0.5000000064554326,1.41421356,3.0,0.3333333728783296,1.41421356,4.0,0.24999999897688835,1.41421356,8.0,0.12499999938444564,1.41421356,5.0,0.20000000311824281,1.41421356,4.0,0.24999999844194276,1.41421356,5.0,0.19999999899611454,1.41421356,5.0,0.19999999893668466,1.41421356,6.0,0.16666666582201398,1.41421356,4.0,0.25000000181015536,1.41421356,4.0,0.25000000667104477,1.41421356,6.0,0.16666666587408327,1.41421356,4.0,0.24999999845753315,1.41421356,4.0,0.2499999988825126,1.41421356,8.0,0.12499999958802133,1.41421356,5.0,0.19999999965282142,1.41421356,4.0,0.25000000135727474,1.41421356,5.0,0.20000000141564084,1.41421356,5.0,0.19999999909227578,1.41421356,6.0,0.1666666662245392,1.41421356,7.0,0.14285714262710125,1.41421356,5.0,0.19999999941551072,1.41421356,2.0,0.5000000034472614,1.41421356,3.0,0.33333333683735683,1.41421356,7.0,0.1428571425352408,1.41421356,9.0,0.11111111099374056,1.41421356,8.0,0.12499999952063169,1.41421356,7.0,0.14285714300679483,1.41421356,6.0,0.16666666618537482,1.41421356,2.0,0.5000000075923507,1.41421356,11.0,0.09090909085608853,1.41421356,3.0,0.33333333256225917,1.41421356,2.0,0.5000000201864188,1.41421356,4.0,0.24999999918941668,1.41421356,15.0,0.0666666670280474,1.41421356,5.0,0.19999999870132087,1.41421356,9.0,0.11111111065543838,1.41421356,5.0,0.19999999957106482,1.41421356,8.0,0.1250000026801991,1.41421356,5.0,0.20000000103216772,1.41421356,4.0,0.24999999841965184,1.41421356,5.0,0.1999999987721647,1.41421356,10.0,0.09999999957949388,1.41421356,5.0,0.19999999907858834,1.41421356,8.0,0.12500000065789488,1.41421356,3.0,0.3333333337702933,1.41421356,5.0,0.19999999882128222,1.41421356,3.0,0.3333333407970537,1.41421356,2.0,0.4999999980077417,1.41421356,3.0,0.33333333151495187,1.41421356,8.0,0.12500000054903723,1.41421356,3.0,0.3333333351377628,1.41421356,6.0,0.16666666579587508,1.41421356,4.0,0.24999999869345085,1.41421356,7.0,0.1428571429304896,1.41421356,7.0,0.14285714211357803,1.41421356,5.0,0.19999999861436227,1.41421356,4.0,0.250000008471954,1.41421356,5.0,0.19999999883291786,1.41421356,6.0,0.16666666567396055,1.41421356,4.0,0.24999999910744655,1.41421356,5.0,0.19999999887789663,1.41421356,3.0,0.33333333368402834,1.41421356,4.0,0.2500000067835909,1.41421356,6.0,0.1666666675851336,1.41421356,3.0,0.3333333333594315,1.41421356,5.0,0.19999999928186446,1.41421356,2.0,0.5000000021848138,1.41421356,4.0,0.249999998755928,1.41421356,5.0,0.19999999921794975,1.41421356,14.0,0.07142857226372913,1.41421356,5.0,0.1999999991337746,1.41421356,3.0,0.33333333764510065,1.41421356,2.0,0.5000000071419484,1.41421356,3.0,0.333333336099501,1.41421356,5.0,0.20000000256838577,1.41421356,5.0,0.19999999981794614,1.41421356,6.0,0.16666666618137296,1.41421356,15.0,0.06666666740504795,1.41421356,6.0,0.16666666722215837,1.41421356,6.0,0.16666666736175842,1.41421356,4.0,0.24999999919049753,1.41421356,13.0,0.07692307739078867,1.41421356,4.0,0.24999999982766744,1.41421356,9.0,0.1111111107359678,1.41421356,4.0,0.249999998903018,1.41421356,6.0,0.16666666579243594,1.41421356,9.0,0.11111111075279291,1.41421356,3.0,0.3333333322003789,1.41421356,6.0,0.16666666637272956,1.41421356,7.0,0.14285714210562206,1.41421356,9.0,0.1111111118458649,1.41421356,9.0,0.11111111080529931,1.41421356,8.0,0.12499999990893691,1.41421356,8.0,0.1250000005200709,1.41421356,3.0,0.3333333315249314,1.41421356,4.0,0.24999999914787768,1.41421356,4.0,0.24999999833138,1.41421356,2.0,0.5000000318353706,1.41421356,6.0,0.16666667077224168,1.41421356,2.0,0.5000000040646039,1.41421356,7.0,0.1428571423993336,1.41421356,4.0,0.249999999353264,1.41421356,5.0,0.19999999942545632,1.41421356,5.0,0.19999999916745684,1.41421356,9.0,0.11111111073702667,1.41421356,4.0,0.24999999930257955,1.41421356,13.0,0.07692307754585603,1.41421356,10.0,0.09999999982279792,1.41421356,8.0,0.12500000003524772,1.41421356,7.0,0.14285714256623191,1.41421356,10.0,0.10000000026389719,1.41421356,5.0,0.19999999897445353,1.41421356,2.0,0.5000000084368202,1.41421356,8.0,0.12499999939772109,1.41421356,4.0,0.2500000027143038,1.41421356,4.0,0.2499999988541806,1.41421356,4.0,0.2500000005292111,1.41421356,3.0,0.3333333322744119,1.41421356,7.0,0.14285714207025227,1.41421356,8.0,0.12500000125000188,1.41421356,2.0,0.5000000010738119,1.41421356,6.0,0.1666666656925002,1.41421356,9.0,0.11111111081672331,1.41421356,6.0,0.16666666693486035,1.41421356,8.0,0.12499999976595676,1.41421356,4.0,0.24999999850028112,1.41421356,8.0,0.1249999995047499,1.41421356,5.0,0.19999999887624864,1.41421356,6.0,0.166666665678662,1.41421356,7.0,0.14285714229270674,1.41421356,4.0,0.24999999977023032,1.41421356,5.0,0.1999999988546379,1.41421356,6.0,0.16666666553790135,1.41421356,4.0,0.24999999888774352,1.41421356,5.0,0.20000000276734034,1.41421356,4.0,0.24999999829952785,1.41421356,5.0,0.20000000055314193,1.41421356,5.0,0.2000000007977837,1.41421356,4.0,0.24999999864630035,1.41421356,9.0,0.11111111349908685,1.41421356,4.0,0.2499999994599166,1.41421356,4.0,0.2499999983212083,1.41421356,3.0,0.3333333324383446,1.41421356,14.0,0.07142857156334982,1.41421356,7.0,0.1428571435675163,1.41421356,5.0,0.1999999993803281,1.41421356,5.0,0.19999999935534793,1.41421356,4.0,0.24999999830119968,1.41421356,5.0,0.19999999885240838,1.41421356,5.0,0.19999999910243993,1.41421356,3.0,0.3333333332782241,1.41421356,5.0,0.20000000107137167,1.41421356,4.0,0.249999999566882,1.41421356,4.0,0.2499999988881913,1.41421356,5.0,0.199999998975893,1.41421356,9.0,0.11111111077032143,1.41421356,4.0,0.25000000431685065,1.41421356,5.0,0.1999999989107467,1.41421356,4.0,0.2499999983420472,1.41421356,5.0,0.19999999873636032,1.41421356,3.0,0.33333333593883246,1.41421356,3.0,0.3333333539589331,1.41421356,2.0,0.4999999994510809,1.41421356,4.0,0.25000000252308097,1.41421356,9.0,0.11111111093277198,1.41421356,6.0,0.1666666673527084,1.41421356,6.0,0.16666666669926858,1.41421356,5.0,0.19999999982724362,1.41421356,3.0,0.3333333315744226,1.41421356,8.0,0.12499999943663803,1.41421356,5.0,0.19999999876802343,1.41421356,6.0,0.16666666595439789,1.41421356,10.0,0.09999999979318598,1.41421356,5.0,0.20000000011043176,1.41421356,8.0,0.1250000011023014,1.41421356,4.0,0.2499999989388852,1.41421356,7.0,0.14285714211834608,1.41421356,6.0,0.166666665918233,1.41421356,3.0,0.33333335459610236,1.41421356,8.0,0.1249999993829597,1.41421356,10.0,0.10000000099241506,1.41421356,4.0,0.24999999857969074,1.41421356,4.0,0.24999999882344384,1.41421356,8.0,0.12499999951256016,1.41421356,4.0,0.24999999936425338,1.41421356,7.0,0.14285714197464242,1.41421356,4.0,0.25000000190107124,1.41421356,3.0,0.33333333273719884,1.41421356,7.0,0.14285714331497384,1.41421356,8.0,0.12499999961435491,1.41421356,4.0,0.24999999857451133,1.41421356,8.0,0.12499999967785447,1.41421356,9.0,0.11111111043188737,1.41421356,9.0,0.11111111118084156,1.41421356,6.0,0.1666666661128328,1.41421356,3.0,0.33333333238261953,1.41421356,4.0,0.2499999997761169,1.41421356,3.0,0.33333335304874046,1.41421356,2.0,0.5000000739940692,1.41421356,6.0,0.16666666679910136,1.41421356,5.0,0.19999999937331542,1.41421356,5.0,0.20000000093713818,1.41421356,5.0,0.19999999862681686,1.41421356,6.0,0.16666666569225147,1.41421356,4.0,0.2499999984702377,1.41421356,7.0,0.1428571422889184,1.41421356,5.0,0.2000000034973517,1.41421356,5.0,0.200000003005421,1.41421356,3.0,0.33333333894482786,1.41421356,5.0,0.20000000119455674,1.41421356,4.0,0.24999999908165246,1.41421356,3.0,0.33333333204137566,1.41421356,10.0,0.1000000039704446,1.41421356,3.0,0.3333333349378913,1.41421356,7.0,0.14285714231011842,1.41421356,9.0,0.1111111109010737,1.41421356,4.0,0.2500000013496064,1.41421356,8.0,0.12499999941508254,1.41421356,6.0,0.16666666596738317,1.41421356,6.0,0.1666666654849038,1.41421356,12.0,0.08333333355028395,1.41421356,7.0,0.1428571425732521,1.41421356,8.0,0.12499999917528923,1.41421356,8.0,0.1250000003354092,1.41421356,6.0,0.16666666642284692,1.41421356,2.0,0.5000000251858003,1.41421356,5.0,0.199999999078746,1.41421356,2.0,0.5000000045380282,1.41421356,4.0,0.24999999862056968,1.41421356,5.0,0.19999999942784286,1.41421356,7.0,0.14285714215925893,1.41421356,9.0,0.11111111075633756,1.41421356,3.0,0.33333338616089137,1.41421356,12.0,0.08333333351227264,1.41421356,4.0,0.24999999903353162,1.41421356,9.0,0.1111111109915864,1.41421356,1.0,1.0000000092939663,1.41421356,2.0,0.5000000252658993,1.41421356,5.0,0.19999999868455418,1.41421356,5.0,0.1999999988533768,1.41421356,6.0,0.16666666761795354,1.41421356,3.0,0.33333333142508736,1.41421356,3.0,0.33333333231649853,1.41421356,4.0,0.2499999997416653,1.41421356,5.0,0.20000000105168522,1.41421356,3.0,0.33333335117176366,1.41421356,4.0,0.24999999873402518,1.41421356,5.0,0.1999999990891444,1.41421356,4.0,0.2500000128957134,1.41421356,5.0,0.19999999934363127,1.41421356,7.0,0.14285714221479875,1.41421356,7.0,0.14285714241247463,1.41421356,7.0,0.14285714284575862,1.41421356,3.0,0.33333333716261276,1.41421356,4.0,0.2500000005966466,1.41421356,4.0,0.24999999963974873,1.41421356,12.0,0.0833333334450777,1.41421356,4.0,0.25000000328252775,1.41421356,7.0,0.142857142560719,1.41421356,6.0,0.166666665730411,1.41421356,4.0,0.24999999833074443,1.41421356,8.0,0.12499999940513569,1.41421356,5.0,0.200000001559374,1.41421356,7.0,0.14285714363218904,1.41421356,6.0,0.16666666606766184,1.41421356,4.0,0.2500000038188343,1.41421356,5.0,0.1999999991021209,1.41421356,7.0,0.14285714228712726,1.41421356,10.0,0.10000000045605263,1.41421356,2.0,0.499999999826816,1.41421356,5.0,0.19999999926364825,1.41421356,4.0,0.2500000062556046,1.41421356,4.0,0.24999999866589637,1.41421356,6.0,0.16666666605567512,1.41421356,5.0,0.19999999892447623,1.41421356,6.0,0.16666666682416129,1.41421356,3.0,0.3333333320327056,1.41421356,3.0,0.3333333338407135,1.41421356,5.0,0.1999999997098522,1.41421356,6.0,0.16666666720590978,1.41421356,5.0,0.19999999924983206,1.41421356,6.0,0.16666666614405248,1.41421356,5.0,0.19999999932157397,1.41421356,8.0,0.12499999952788302,1.41421356,5.0,0.20000000004509141,1.41421356,5.0,0.1999999989416882,1.41421356,5.0,0.20000000642491342,1.41421356,7.0,0.14285714420786658,1.41421356,4.0,0.25000000152332896,1.41421356,10.0,0.09999999974701772,1.41421356,9.0,0.11111111091569692,1.41421356,7.0,0.14285714224110974,1.41421356,7.0,0.14285714241209155,1.41421356,4.0,0.24999999923005256,1.41421356,3.0,0.3333333355894407,1.41421356,4.0,0.24999999931621672,1.41421356,5.0,0.1999999992856264,1.41421356,4.0,0.2500000093987966,1.41421356,11.0,0.09090909096680894,1.41421356,8.0,0.12499999971316271,1.41421356,3.0,0.33333333278897676,1.41421356,5.0,0.20000000040100185,1.41421356,4.0,0.25000000013524476,1.41421356,2.0,0.5000000028449567,1.41421356,5.0,0.19999999901734722,1.41421356,4.0,0.24999999928805805,1.41421356,6.0,0.16666666579771522,1.41421356,4.0,0.25000000028123137,1.41421356,3.0,0.33333333206023275,1.41421356,6.0,0.16666666660532556,1.41421356,5.0,0.20000001092813455,1.41421356,8.0,0.12499999943110754,1.41421356,12.0,0.08333333322447092,1.41421356,18.0,0.055555556654465536,1.41421356,6.0,0.16666666663415497,1.41421356,9.0,0.11111111059139997,1.41421356,6.0,0.1666666676611248,1.41421356,5.0,0.20000000791956923,1.41421356,4.0,0.2499999989007822,1.41421356,4.0,0.24999999939323228,1.41421356,5.0,0.19999999910501992,1.41421356,6.0,0.16666666616481163,1.41421356,4.0,0.2500000024185932,1.41421356,2.0,0.5000000186362819,1.41421356,3.0,0.3333333332677717,1.41421356,6.0,0.1666666664741588,1.41421356,4.0,0.2499999983546381,1.41421356,7.0,0.14285714280874964,1.41421356,6.0,0.16666666728751692,1.41421356,4.0,0.24999999890338856,1.41421356,4.0,0.24999999877494555,1.41421356,5.0,0.1999999998298669,1.41421356,9.0,0.11111111066111082,1.41421356,9.0,0.11111111083854132,1.41421356,6.0,0.16666666567904134,1.41421356,3.0,0.3333333336362834,1.41421356,7.0,0.1428571426843418,1.41421356,8.0,0.12499999969167883,1.41421356,5.0,0.19999999868190763,1.41421356,5.0,0.1999999987875359,1.41421356,5.0,0.199999999948353,1.41421356,6.0,0.16666666592183668,1.41421356,3.0,0.3333333398515487,1.41421356,2.0,0.5000000008028262,1.41421356,5.0,0.1999999988185578,1.41421356,4.0,0.250000001798845,1.41421356,4.0,0.25000000215442825,1.41421356,7.0,0.14285714290720325,1.41421356,2.0,0.5000000001938254,1.41421356,9.0,0.11111111089072113,1.41421356,3.0,0.3333333345100612,1.41421356,7.0,0.14285714225844984,1.41421356,8.0,0.12499999968832888,1.41421356,4.0,0.24999999930200362,1.41421356,3.0,0.33333333764251843,1.41421356,3.0,0.3333333329926369,1.41421356,5.0,0.19999999905229243,1.41421356,3.0,0.3333333349629481,1.41421356,6.0,0.16666666993084167,1.41421356,2.0,0.4999999985581599,1.41421356,6.0,0.16666666595556603,1.41421356,6.0,0.16666666567496413,1.41421356,3.0,0.33333335779064577,1.41421356,2.0,0.5000000896651582,1.41421356,8.0,0.12499999941031198,1.41421356,4.0,0.25000000222208857,1.41421356,7.0,0.1428571422242846,1.41421356,7.0,0.1428571427861265,1.41421356,8.0,0.12499999960794014,1.41421356,5.0,0.19999999885588832,1.41421356,7.0,0.14285714194029633,1.41421356,11.0,0.09090909088190964,1.41421356,4.0,0.24999999858907676,1.41421356,4.0,0.24999999914688978,1.41421356,4.0,0.24999999884123864,1.41421356,4.0,0.24999999833067094,1.41421356,2.0,0.5000000135281512,1.41421356,6.0,0.1666666656998055,1.41421356,5.0,0.19999999873665614,1.41421356,4.0,0.24999999905295242,1.41421356,6.0,0.16666666559079713,1.41421356,4.0,0.2499999991284726,1.41421356,9.0,0.11111111080095204,1.41421356,4.0,0.2500000005564177,1.41421356,4.0,0.2499999984042568,1.41421356,7.0,0.14285714228800023,1.41421356,4.0,0.25000000064186023,1.41421356,4.0,0.2500000019487562,1.41421356,8.0,0.12499999960786101,1.41421356,5.0,0.19999999875752203,1.41421356,4.0,0.24999999864994799,1.41421356,6.0,0.1666666660124461,1.41421356,9.0,0.11111111066743139,1.41421356,5.0,0.19999999882128663,1.41421356,9.0,0.11111111078209712,1.41421356,4.0,0.24999999865466205,1.41421356,9.0,0.11111111155802551,1.41421356,8.0,0.12500000030247618,1.41421356,5.0,0.20000000051891015,1.41421356,3.0,0.33333333250235575,1.41421356,6.0,0.16666666594863627,1.41421356,4.0,0.2499999987417444,1.41421356,7.0,0.14285714226833135,1.41421356,3.0,0.3333333767483773,1.41421356,3.0,0.333333331989936,1.41421356,5.0,0.19999999866684479,1.41421356,4.0,0.2500000012462843,1.41421356,5.0,0.19999999900618323,1.41421356,8.0,0.12499999963390068,1.41421356,4.0,0.25000000003685147,1.41421356,9.0,0.11111111321955512,1.41421356,4.0,0.2500000062979638,1.41421356,9.0,0.1111111106610053,1.41421356,13.0,0.07692307757568025,1.41421356,6.0,0.16666666651988238,1.41421356,3.0,0.3333333398717263,1.41421356,4.0,0.24999999931558242,1.41421356,5.0,0.19999999991464437,1.41421356,3.0,0.33333333282042693,1.41421356,3.0,0.3333333511141862,1.41421356,8.0,0.12499999919037719,1.41421356,6.0,0.16666666812583952,1.41421356,7.0,0.1428571422140137,1.41421356,5.0,0.19999999980242736,1.41421356,9.0,0.11111111088212708,1.41421356,6.0,0.1666666657626331,1.41421356,5.0,0.200000001664454,1.41421356,7.0,0.142857142086119,1.41421356,3.0,0.33333335341159887,1.41421356,5.0,0.1999999993919116,1.41421356,5.0,0.19999999932435178,1.41421356,5.0,0.19999999952879102,1.41421356,7.0,0.14285714215050785,1.41421356,5.0,0.19999999914167027,1.41421356,6.0,0.16666666579846634,1.41421356,2.0,0.5000000336064216,1.41421356,5.0,0.19999999944918984,1.41421356,2.0,0.5000000133874087,1.41421356,10.0,0.09999999987806266,1.41421356,6.0,0.16666666705639302,1.41421356,11.0,0.09090909074199933,1.41421356,2.0,0.4999999991159993,1.41421356,4.0,0.24999999873598028,1.41421356,9.0,0.11111111086990046,1.41421356,10.0,0.09999999986092102,1.41421356,4.0,0.25000000524933674,1.41421356,2.0,0.5000000058972723,1.41421356,8.0,0.12499999948852268,1.41421356,5.0,0.19999999930323906,1.41421356,6.0,0.16666666650374687,1.41421356,4.0,0.24999999843654983,1.41421356,3.0,0.3333333422603328,1.41421356,6.0,0.16666666594335072,1.41421356,4.0,0.24999999861421332,1.41421356,3.0,0.33333333864539866,1.41421356,5.0,0.19999999935957083,1.41421356,8.0,0.12499999944300758,1.41421356,4.0,0.2500000014170959,1.41421356,3.0,0.3333333344029322,1.41421356,3.0,0.3333333338357605,1.41421356,4.0,0.2499999986840862,1.41421356,5.0,0.2000000005445479,1.41421356,5.0,0.19999999920524458,1.41421356,5.0,0.19999999960717693,1.41421356,6.0,0.16666666662449828,1.41421356,5.0,0.19999999913147912,1.41421356,6.0,0.16666666602217312,1.41421356,7.0,0.142857142095841,1.41421356,5.0,0.19999999883122718,1.41421356,9.0,0.11111111069210822,1.41421356,3.0,0.3333333341965266,1.41421356,4.0,0.24999999971290687,1.41421356,2.0,0.49999999860459227,1.41421356,4.0,0.2499999998764458,1.41421356,4.0,0.2500000065531503,1.41421356,4.0,0.24999999933130782,1.41421356,7.0,0.1428571470736546,1.41421356,6.0,0.16666666604531252,1.41421356,15.0,0.06666666749872092,1.41421356,10.0,0.10000000007148926,1.41421356,6.0,0.16666666588498222,1.41421356,9.0,0.11111111106928462,1.41421356,9.0,0.11111111050118372,1.41421356,4.0,0.24999999887598542,1.41421356,4.0,0.25000000020014485,1.41421356,11.0,0.09090909231719019,1.41421356,5.0,0.20000000086398445,1.41421356,7.0,0.1428571424522344,1.41421356,5.0,0.19999999863098952,1.41421356,4.0,0.24999999858449776,1.41421356]
