#SOLVERNAME# PAJ_CPLEX_MOSEK
#SOLVER# Pajarito.PajaritoSolver(3, 3600.0, 1.0e-5, false, CPLEX.CplexSolver(Any[(:CPX_PARAM_THREADS, 1), (:CPX_PARAM_SCRIND, 0), (:CPX_PARAM_EPINT, 1.0e-9), (:CPX_PARAM_EPRHS, 1.0e-8), (:CPX_PARAM_EPGAP, 0.0)]), Pajarito.UnsetSolver(), 0, false, true, Mosek.MosekSolver(Any[(:LOG, 0), (:NUM_THREADS, 1), (:MSK_DPAR_INTPNT_CO_TOL_REL_GAP, 1.0e-10), (:MSK_DPAR_INTPNT_CO_TOL_PFEAS, 1.0e-10), (:MSK_DPAR_INTPNT_CO_TOL_DFEAS, 1.0e-10), (:MSK_DPAR_INTPNT_CO_TOL_NEAR_REL, 1000.0)]), true, true, false, false, true, false, false, true, false, true, true, true, true, false, true, 10.0, false, false, false, true, 1.0e-12, 1.0e-8, false, "")
#INSTANCE# achtziger_stolpe07-5.1flowc.cbf.gz
#TIMELIMIT# 3600.0

Problem dimensions:
       variables |    3781
     constraints |    2606
   nonzeros in A |    7886

Cones summary:
Cone             | Count   | Min dim.  | Max dim. 
    Rotated S.O. |     630 |         3 |         3

Variable types:
      continuous |    3151
         integer |     630

Transforming data...               0.01s

Creating conic subproblem...       0.03s

Building MIP model...              0.02s

Solving conic relaxation...        0.07s
 - Relaxation status    =        Optimal
 - Relaxation bound     =      40.046532

Starting iterative algorithm

Iter. | Best feasible  | Best bound     | Rel. gap    | Time (s)   
    1 |  +4.447349e+01 |  +4.248279e+01 |   4.476e-02 |   3.600e+03

Iterative algorithm summary:
 - Status               =      UserLimit
 - Best feasible        =  +4.447349e+01
 - Best bound           =  +4.248279e+01
 - Relative opt. gap    =      4.476e-02
 - Total time (s)       =       3.60e+03

Timers (s):
 - Setup                =   6.22e-02
 -- Transform data      =   1.15e-02
 -- Create conic data   =   2.86e-02
 -- Create MIP data     =   2.21e-02
 - Algorithm            =   3.60e+03
 -- Solve relaxation    =   7.43e-02
 -- Get relaxation cuts =   3.05e-03
 -- Solve MIP models    =   3.60e+03
 -- Solve subproblems   =   3.30e-02
 -- Get subproblem cuts =   5.83e-02
 -- Get separation cuts =   1.30e-04

Counters:
 - Iterations           =     1
 -- Integer repeats     =     0
 -- Conic subproblems   =     1
 --- Infeasible         =     0
 --- Optimal            =     1
 --- Suboptimal         =     0
 --- UserLimit          =     0
 --- ConicFailure       =     0
 --- Other status       =     0
 -- Feasible solutions  =     1
 --- From subproblems   =     1
 --- From MIP solve     =     0

Solution returned by conic solver

Rounds of full separation/subproblem cuts, and count of cuts added:
Cone             | Subp.  | Sep.   | Total  | Relax. | Viol. 
    Second order |   1260 |      0 |   1260 |   1266 |     36

7 numerically unstable disaggregated SOC cuts

Distance to feasibility (negative indicates strict feasibility):
Cone             | Variable  | Constraint
          Linear |  0.00e+00 |  3.10e-10
    Rotated S.O. |  1.03e-10 |        NA

Distance to integrality of integer/binary variables:
         integer |  0.00e+00

#STATUS# UserLimit
#OBJVAL# 44.473494024780535
#OBJBOUND# 42.48279357795934
#NODECOUNT# NaN
#TIMESOLVER# 3600.096020936966
#TIMEALL# 3600.1326150894165
#SOLUTION# [44.473494024780535,0.0,0.0,0.0,0.0,0.0,0.0,0.0,0.0,0.0,-0.0,0.0,-0.0,0.0,-0.0,-0.0,-0.0,-0.0,-0.0,-0.0,-0.0,-0.0,-0.0,-0.0,0.0,0.0,0.0,0.0,0.0,0.0,0.0,0.0,-0.0,0.0,0.0,-0.0,0.0,-0.0,-0.0,-0.0,0.0,-0.0,-0.0,-0.0,-0.0,-0.0,-0.0,-0.0,0.0,0.0,0.0,0.0,0.0,0.0,-0.0,0.0,0.0,0.0,0.0,0.0,0.0,0.0,0.0,0.0,-0.0,-0.0,0.0,0.0,0.0,-0.0,-0.0,0.0,0.0,0.0,0.0,0.0,1.0,0.0,0.0,0.0,0.0,0.0,0.0,0.0,0.0,0.0,0.0,0.0,0.0,0.0,0.0,0.0,0.0,0.0,0.0,-0.0,0.0,-0.0,-0.0,1.0,0.0,0.0,0.0,0.0,1.0,0.0,1.0,0.0,0.0,0.0,0.0,0.0,0.0,0.0,0.0,0.0,-0.0,-0.0,-0.0,-0.0,-0.0,-0.0,-0.0,-0.0,-0.0,-0.0,1.0,0.0,1.0,0.0,0.0,0.0,0.0,1.0,0.0,0.0,0.0,0.0,0.0,0.0,0.0,0.0,0.0,0.0,0.0,0.0,0.0,0.0,0.0,0.0,-0.0,-0.0,-0.0,-0.0,0.0,0.0,1.0,-0.0,0.0,0.0,0.0,0.0,0.0,0.0,-0.0,0.0,0.0,0.0,0.0,-0.0,-0.0,0.0,0.0,0.0,-0.0,-0.0,0.0,0.0,0.0,0.0,0.0,1.0,1.0,0.0,0.0,0.0,0.0,0.0,0.0,0.0,0.0,0.0,0.0,0.0,0.0,0.0,0.0,-0.0,0.0,1.0,0.0,1.0,0.0,0.0,1.0,0.0,0.0,0.0,0.0,0.0,0.0,0.0,0.0,0.0,0.0,0.0,0.0,0.0,0.0,-0.0,-0.0,0.0,0.0,0.0,0.0,0.0,0.0,0.0,0.0,0.0,0.0,0.0,0.0,0.0,0.0,0.0,0.0,-0.0,-0.0,-0.0,-0.0,-0.0,-0.0,1.0,1.0,1.0,0.0,0.0,0.0,0.0,0.0,0.0,0.0,0.0,0.0,0.0,0.0,0.0,0.0,0.0,0.0,0.0,0.0,0.0,0.0,-0.0,0.0,0.0,0.0,0.0,0.0,1.0,0.0,0.0,0.0,0.0,0.0,0.0,0.0,0.0,0.0,0.0,0.0,0.0,0.0,1.0,0.0,1.0,0.0,0.0,0.0,0.0,0.0,0.0,0.0,0.0,0.0,0.0,0.0,0.0,0.0,0.0,0.0,0.0,0.0,0.0,0.0,0.0,0.0,0.0,0.0,0.0,0.0,0.0,0.0,0.0,0.0,0.0,0.0,0.0,-0.0,0.0,0.0,0.0,0.0,0.0,0.0,1.0,0.0,0.0,0.0,1.0,0.0,0.0,0.0,0.0,0.0,0.0,0.0,0.0,-0.0,-0.0,-0.0,-0.0,0.0,1.0,0.0,0.0,0.0,0.0,0.0,0.0,0.0,0.0,0.0,0.0,0.0,0.0,0.0,0.0,0.0,0.0,0.0,0.0,-0.0,0.0,0.0,0.0,0.0,0.0,0.0,1.0,0.0,0.0,0.0,0.0,0.0,0.0,0.0,0.0,0.0,0.0,0.0,0.0,0.0,0.0,0.0,0.0,0.0,0.0,0.0,1.0,0.0,0.0,0.0,0.0,0.0,0.0,0.0,0.0,0.0,0.0,0.0,0.0,0.0,0.0,0.0,0.0,0.0,0.0,0.0,0.0,0.0,0.0,0.0,-0.0,0.0,0.0,0.0,0.0,0.0,0.0,0.0,0.0,0.0,0.0,0.0,0.0,0.0,0.0,0.0,0.0,0.0,0.0,0.0,0.0,0.0,0.0,0.0,0.0,0.0,0.0,0.0,0.0,0.0,0.0,-0.0,-0.0,0.0,0.0,0.0,0.0,0.0,0.0,1.0,0.0,0.0,0.0,0.0,0.0,0.0,0.0,0.0,0.0,0.0,0.0,0.0,0.0,0.0,0.0,0.0,0.0,0.0,0.0,-0.0,0.0,0.0,0.0,0.0,0.0,0.0,0.0,0.0,0.0,0.0,0.0,0.0,0.0,-0.0,0.0,0.0,0.0,0.0,0.0,0.0,0.0,0.0,0.0,0.0,0.0,0.0,0.0,0.0,0.0,0.0,0.0,0.0,0.0,0.0,0.0,0.0,0.0,0.0,0.0,0.0,0.0,0.0,-0.0,0.0,0.0,0.0,0.0,0.0,0.0,0.0,0.0,0.0,0.0,0.0,-0.0,0.0,0.0,0.0,0.0,0.0,0.0,0.0,0.0,0.0,0.0,0.0,0.0,0.0,0.0,0.0,0.0,0.0,1.0,0.0,-0.0,0.0,0.0,0.0,0.0,0.0,0.0,0.0,0.0,0.0,0.0,0.0,0.0,0.0,0.0,0.0,0.0,0.0,1.0,0.0,-0.0,0.0,0.0,0.0,0.0,0.0,0.0,0.0,0.0,0.0,0.0,0.0,0.0,0.0,-0.0,0.0,-0.0,-0.0,0.0,0.0,0.0,0.0,0.0,0.0,-0.0,0.0,0.0,0.0,0.0,0.0,0.0,0.0,0.0,0.0,0.0,0.0,0.0,0.0,0.0,0.0,0.0,-0.0,-0.0,0.0,0.0,0.0,0.0,-0.0,-0.0,0.0,0.0,0.0,-0.0,0.0,-0.0,0.0,0.0,0.0,0.0,-0.0,-0.0,-0.0,5.747583682038089e-13,8.885164084964666e-13,6.21796630893013e-13,5.869560084564779e-13,5.619984965931739e-13,7.419967359692568e-13,5.650129092414891e-13,5.655409279779965e-13,5.620634124746871e-13,5.665990358226672e-13,5.882753102641311e-13,5.647845879555417e-13,6.181902697311217e-13,5.679558953931356e-13,5.606221493582319e-13,5.613967346831635e-13,6.996034851961312e-13,6.803814095619598e-13,5.98695316741885e-13,5.661016157557168e-13,5.610763693138914e-13,6.721192005912139e-13,5.900856645421935e-13,6.957337924119195e-13,5.64453530118969e-13,5.896128849355672e-13,6.014552487964787e-13,8.908099567210392e-13,5.660440671657504e-13,5.603225012746858e-13,9.883037677211379e-13,5.69217022135622e-13,5.721362218675603e-13,5.65413862524824e-13,5.642978098824545e-13,5.956802556364394e-13,5.605908673698686e-13,5.602389323099883e-13,5.68658831893395e-13,6.300044253375637e-13,7.245486988847233e-13,5.617506923653185e-13,5.687030172556904e-13,6.051330875535717e-13,6.95431267045216e-13,5.961985248998662e-13,6.854917078822218e-13,6.847947560701514e-13,5.719740559195912e-13,7.070300699215792e-13,8.318064814480097e-13,7.498008030344522e-13,6.239648363280266e-13,6.019275223869696e-13,5.713721694248816e-13,5.765358332024165e-13,6.170295012321711e-13,5.625494664852816e-13,5.62419992179246e-13,6.655892916023503e-13,5.608752897078889e-13,7.805299713591531e-13,6.140449258015792e-13,5.640620020605898e-13,5.640454267808584e-13,7.480920666773504e-13,7.332869636710779e-13,8.104844674444866e-13,6.270048414728251e-13,5.815003509945615e-13,1.3807304100553866e-12,5.827222222027777e-13,5.69408865721778e-13,7.055782596010038e-13,6.901115450614778e-13,1.640298266800769,5.787866263960196e-13,5.78953998612275e-13,5.623228039539711e-13,7.773253489520993e-13,8.56581262379817e-13,7.020037762974217e-13,9.543533914395323e-13,8.501147443370904e-13,6.703330024949615e-13,1.104498892815126e-12,8.404983935813514e-13,6.429592079710216e-13,1.0802215323064206e-12,8.407436273987372e-13,6.619798151794975e-13,6.510466273180605e-13,1.0604190255006417e-12,8.247052788157315e-13,9.542742056908723e-13,9.20728199605648e-13,7.536162207177815e-13,6.718192373297298e-13,1.6402982676873141,6.454786726856843e-13,7.369820173154473e-13,6.908394894769349e-13,6.3364336324733e-13,0.796729237136411,5.615434283204967e-13,1.1048543456821176,5.75493283603748e-13,5.683245158983338e-13,5.611588857106522e-13,5.612902928650722e-13,5.731094972725884e-13,5.615561079801959e-13,5.717100966025249e-13,5.745572418087675e-13,5.63496310446725e-13,5.774804713459425e-13,5.923688188038592e-13,5.774477821597332e-13,5.648813338223852e-13,5.748609413796344e-13,5.651140485065082e-13,5.715000120583866e-13,5.638831130775804e-13,5.604485592497744e-13,5.633696516516733e-13,1.1048543458137643,5.617730669783854e-13,0.7967292373206614,5.665978883871845e-13,5.985311928212854e-13,6.249517378263348e-13,6.381532950809722e-13,0.39062500002998934,8.968137578293595e-13,7.192012333637812e-13,7.69230680370035e-13,8.042069483058943e-13,6.724053669960214e-13,8.308676800910811e-13,9.655096375945159e-13,6.520804496038081e-13,8.350901385942942e-13,1.123142769992208e-12,6.518739211395958e-13,6.733457693858811e-13,8.432681553180933e-13,1.0774655108189799e-12,8.331862316600002e-13,1.0647977433860076e-12,6.769922710443922e-13,7.641258767576008e-13,9.47839652740277e-13,9.586248698158368e-13,7.854536980430833e-13,7.309442764220531e-13,0.39062500038450976,5.608448490192892e-13,5.706654203945194e-13,6.788146202649402e-13,1.2748071042684576e-12,6.722127400999862e-13,5.738451009566345e-13,5.69358985036202e-13,5.62445780631648e-13,5.617935548416917e-13,6.227239393229915e-13,5.617805848921564e-13,6.738077456641183e-13,5.646128118353606e-13,5.664568330007818e-13,6.156364946126369e-13,8.011564445325803e-13,7.562355144567195e-13,5.843230708997108e-13,6.333119999579388e-13,8.320477194032414e-13,7.397028955691458e-13,5.712909139886844e-13,5.739051208481937e-13,1.2142935851683846e-12,0.3906250000735536,1.562499999990811,7.232320081794615e-13,5.694339712252945e-13,5.629894870163169e-13,6.099218183715267e-13,8.9419413734466e-13,5.962953985800119e-13,9.67830168763669e-13,7.371197849766267e-13,6.384557369905563e-13,1.1502292270382788e-12,6.745801004703457e-13,1.0386015279617506e-12,8.474720431287568e-13,7.347994192286815e-13,7.024935421694663e-13,9.804527367356472e-13,4.367320269789438,6.315650680907249e-13,0.712772759752045,5.627884407276314e-13,1.1020712192212636e-12,1.5909902581241235,6.118156535951187e-13,7.118266632852267e-13,6.588086628700313e-13,7.711638088855548e-13,7.076414984596756e-13,8.032952896381478e-13,7.622026554720662e-13,6.685406465153441e-13,8.228951857288994e-13,7.635619465718813e-13,6.6298258224968e-13,8.291021184105363e-13,7.467400787409365e-13,6.756934117297223e-13,6.641372349303091e-13,7.663399421622567e-13,8.546728476929661e-13,5.621387455185274e-13,5.747098928178791e-13,7.898190150557129e-13,5.710558464611344e-13,5.970194298870466e-13,6.224831739858993e-13,8.448591348434216e-13,5.606088921950556e-13,5.724909469369739e-13,5.622184137074886e-13,5.641077689705895e-13,5.621077588998179e-13,5.765952482893715e-13,5.800562554378944e-13,5.632934875640653e-13,5.630547260247807e-13,5.68095580860283e-13,5.601664480997814e-13,5.610600246317444e-13,5.610188317633683e-13,5.624078039736236e-13,1.992260428121666,1.992260428483482,0.390625000097673,9.36462763289644e-13,7.969501819641137e-13,1.010789706884928e-12,1.4624257742924062e-12,5.69615261038123e-13,8.862204173357049e-13,1.019693969151583e-12,6.920165871383459e-13,8.457586161313974e-13,9.523383576464721e-13,8.936789328603578e-13,7.977958816762312e-13,9.251588579887575e-13,9.034317508386627e-13,7.884412523213786e-13,8.049101075072721e-13,8.855361006356763e-13,9.174328035122604e-13,1.0270084171067465e-12,8.426300711455454e-13,6.0902489872937e-13,7.001070627118974e-13,6.063018711192e-13,6.189937910288145e-13,8.594570514156922e-13,1.5625000001996683,6.554588366855015e-13,9.89032476721135e-13,7.095434512286804e-13,7.930857032634487e-13,1.0229938650593017e-12,7.313696943869445e-13,1.2092708784064518e-12,7.547809506761463e-13,7.839004147549544e-13,8.863970749644872e-13,1.0592697978173816e-12,9.912347219420707e-13,5.940127706575998e-13,4.367320269653318,6.73176403847997e-13,1.5625000002083698,6.100470601296224e-13,5.615312925975724e-13,5.622553171105794e-13,5.665303869681678e-13,7.62162462483514e-13,5.701400401627967e-13,9.797958040184276e-13,6.876666475490442e-13,6.036007980561471e-13,8.944158954453172e-13,6.544158538671167e-13,8.554040388246496e-13,1.1317278852286037e-12,7.460666510167856e-13,6.516399489548248e-13,1.0762857478145105e-12,5.636819461439916e-13,5.761556048595882e-13,6.014541549337136e-13,5.759750385738292e-13,5.610766297828957e-13,5.62004476704945e-13,6.018296616266304e-13,5.628156884497025e-13,5.695600395274825e-13,5.850761540163442e-13,5.791781956561401e-13,5.829340444523801e-13,5.634673437748771e-13,5.931963924095959e-13,5.851994074491494e-13,5.828747914833928e-13,5.821855571657731e-13,6.668579263089183e-13,5.984693447148947e-13,5.803486736974859e-13,6.230665526433139e-13,6.387384417966879e-13,5.754187938517503e-13,0.698771242843049,5.743547039093133e-13,5.654259888156407e-13,5.609045817178427e-13,0.6987712430849684,5.653169540904794e-13,5.62166779240724e-13,5.713214046867968e-13,5.615800751330722e-13,5.783321103449595e-13,5.614515452806426e-13,5.608825206067242e-13,5.656772631479244e-13,5.649932562275047e-13,5.658300832655661e-13,5.604614395027204e-13,5.602463187732196e-13,1.0065202577121825e-12,1.9764235372848078,6.805244470088154e-13,5.87371212807134e-13,5.618709937575058e-13,5.607531417373132e-13,5.86899688221374e-13,6.060131527371282e-13,5.901709913609523e-13,5.711075399793586e-13,5.674185562442457e-13,5.670371077753201e-13,5.880001426708198e-13,5.829457689818332e-13,5.870323678011037e-13,5.925886368993432e-13,6.001756422085305e-13,5.850639680896307e-13,6.077145751553906e-13,6.927697963516784e-13,5.876141280488061e-13,7.096862459149893e-13,5.745225769015125e-13,5.616980087319281e-13,5.655169503220084e-13,5.653131636020507e-13,6.013579541534398e-13,1.5624999994678719,5.664545497019811e-13,7.442107981735266e-13,5.935284759739059e-13,6.68247422072512e-13,9.755338232830158e-13,6.441213477640264e-13,8.762604544899386e-13,6.425954865720977e-13,7.348397833721077e-13,1.1279746635427623e-12,8.389876975123376e-13,5.607960368998671e-13,9.611446051120856e-13,5.864543171569633e-13,7.890437979457587e-13,6.310460752159702e-13,5.627484259596494e-13,5.630785445054928e-13,5.798550325826143e-13,2.795084970945755,5.96237308087413e-13,7.99189350661816e-13,6.780768901330951e-13,6.432984099686756e-13,7.681308980436494e-13,7.276306912226294e-13,1.2269830137210737e-12,6.450344973997522e-13,5.673697968592662e-13,5.821739163965199e-13,5.732600867719922e-13,5.621527479426401e-13,5.649859934777122e-13,5.952395076381664e-13,5.60441031457351e-13,5.810018827925383e-13,5.934095175553232e-13,5.672857028725705e-13,5.825417332639229e-13,5.789058073309347e-13,5.653045056545366e-13,7.038563403285069e-13,5.885562056588857e-13,6.12177005230385e-13,5.720672313104543e-13,6.24279455612267e-13,5.692846205965651e-13,5.603649679840687e-13,5.645530085599792e-13,6.156022037106739e-13,5.600804285921555e-13,5.62246390093395e-13,5.767635119453579e-13,5.609610570987562e-13,5.60177154603056e-13,5.71698593956466e-13,5.683452177336943e-13,5.635642706781393e-13,9.638509359688102e-13,8.220681646113692e-13,6.182584859370916e-13,5.905474578762291e-13,5.626773594164134e-13,5.603841400801713e-13,5.763997956868927e-13,5.754974367281527e-13,5.858944768244037e-13,5.775566873987528e-13,5.603474537806951e-13,5.780235398092325e-13,5.824121468322491e-13,5.680538414544e-13,5.871260044392382e-13,7.193253740914081e-13,5.659302029678422e-13,5.756547768722279e-13,5.665190603313238e-13,5.607159660307515e-13,5.619483433554225e-13,5.948045045370144e-13,7.641668655833347e-13,5.759409449429026e-13,2.7950849718712716,6.148711417249767e-13,6.457844872013887e-13,7.65593332250284e-13,6.960290424978053e-13,7.423659257113848e-13,7.028859239921358e-13,1.0876283701020586e-12,6.166067719076624e-13,5.916424995878965e-13,6.325654375134659e-13,5.601740029232186e-13,5.611603854242917e-13,5.62909952366121e-13,6.321073503664103e-13,5.71596879230968e-13,6.358549378381777e-13,1.1458832263444868e-12,5.786585439339033e-13,1.3729975433499856e-12,6.371202734515631e-13,6.203704235226988e-13,5.707807284080705e-13,5.787859847095136e-13,6.321214764403945e-13,5.740668389011284e-13,5.77504169712534e-13,5.894113426106012e-13,5.614341937706339e-13,5.783056952554065e-13,6.124476155171313e-13,5.602090057230958e-13,7.893164082919089e-13,6.241271315248333e-13,6.043900130781674e-13,6.757211927554483e-13,5.73923478355798e-13,6.146751274889334e-13,5.734880819274233e-13,5.602381750885282e-13,5.690468221232988e-13,6.178864761149335e-13,5.674088710990413e-13,5.641935821510785e-13,5.82878333078101e-13,5.80972569074617e-13,5.749384875474049e-13,5.789469055199626e-13,9.43312786349598e-13,8.279027777188258e-13,6.132041560215858e-13,5.823272775599668e-13,5.73307449854357e-13,5.69519132564871e-13,6.46052766001658e-13,5.832121490877643e-13,6.071557867882652e-13,5.763278433090433e-13,5.617093290715447e-13,6.231561704190642e-13,8.048056135661609e-13,5.602781512924944e-13,7.368962566874057e-13,5.75319015927906e-13,5.614462648275081e-13,5.604026369407636e-13,5.604052151927593e-13,6.440823829549272e-13,5.8226614202082e-13,5.696511160560039e-13,6.304975490462116e-13,5.771828190331799e-13,1.1588882791054482e-12,6.331232734367498e-13,6.579133942345893e-13,6.005021901028389e-13,1.22716805501659e-12,5.602218803053812e-13,5.989862744883397e-13,6.016422803583099e-13,5.62070230141737e-13,5.657212886682922e-13,5.793356767115943e-13,6.284932870348875e-13,6.298596739036009e-13,1.322632756812336e-12,5.832774911892096e-13,6.00868159544542e-13,5.637021655533556e-13,5.69067859641283e-13,5.599700039829979e-13,5.697859245675792e-13,5.795369855139933e-13,2.795084972039331,5.60566494034309e-13,6.240507011325997e-13,5.921625258299675e-13,6.105415821447382e-13,5.707095317542882e-13,5.602075373612171e-13,5.690862858667602e-13,6.106683669279681e-13,5.959152460970829e-13,5.902896992581909e-13,9.363775722610864e-13,8.370299220102381e-13,5.606794986338375e-13,5.661256557198442e-13,5.61588504250946e-13,5.769590453459784e-13,5.67148072551905e-13,6.043133972108733e-13,5.603033677992188e-13,2.795084971477265,5.829362507703445e-13,5.929393057934742e-13,5.762248702012231e-13,5.639833615870635e-13,5.61405305727115e-13,6.044613952620445e-13,6.023502728398154e-13,6.28993282361853e-13,6.319168287675282e-13,1.1726708241467181e-12,5.818206162797354e-13,5.64304865860022e-13,5.815011833074405e-13,1.880530084139355e-12,5.765996537209844e-13,5.630719318315882e-13,1.286050522048559e-12,6.299941266798225e-13,6.321963812377387e-13,5.726662724339371e-13,5.679302859516061e-13,5.63585822556386e-13,1.982209665725731e-12,6.056284170137867e-13,5.602960915888965e-13,5.950204969119011e-13,6.924669437163932e-13,5.750720641963575e-13,5.703376424918182e-13,6.503458701829325e-13,5.605327811213799e-13,6.462124452936913e-13,5.697939090764425e-13,9.168976624810558e-13,8.322719106018186e-13,5.804989646052864e-13,5.60212990265363e-13,6.036359688936661e-13,2.007550663932266e-12,5.635799280517448e-13,5.676186816648597e-13,7.482628732679404e-13,5.730394702493051e-13,5.629583498248158e-13,5.767113966914519e-13,1.900909758759803e-12,5.825301271043049e-13,5.645610825626633e-13,6.742109071455129e-13,5.958994707698743e-13,1.155866238049917e-12,6.962466969446472e-13,1.1487396668300641e-12,6.512728285318321e-13,3.514091477139204e-12,5.752033625380719e-13,3.5184545132273147e-12,1.0003862546409683e-12,9.266377746529116e-13,7.002718386815498e-13,5.631616720603203e-13,6.953716591058589e-13,1.040181192428051e-12,4.06595989970547e-14,1.9072364720729732e-13,8.351074614562723e-14,-5.416950351460023e-14,-1.476371984349835e-14,1.4072609100648524e-13,1.9191818301576396e-14,-2.4653464699902937e-14,1.3982990396966207e-14,-2.5827476529524526e-14,-5.5776711068206443e-14,2.2667205182474352e-14,-8.011843069189871e-14,-2.915509544634034e-14,7.187674704425195e-15,1.1770439240824232e-14,-1.2470512943689734e-13,-1.1516524980764965e-13,-6.518411410132887e-14,-2.5577317953504778e-14,-1.004022937299435e-14,-1.1088493778128546e-13,-5.725463224835875e-14,2.2239385527138186e-14,5.721076817775518e-14,-6.870137451426272e-14,-1.9119249064992075e-13,-2.5779821684520387e-14,2.7898902225155145e-15,-2.1394264689924533e-13,3.1570472749022005e-14,-3.5830541138676314e-14,2.4481539577814966e-14,-2.1508161793639135e-14,6.265250707330799e-14,-6.945691367263445e-15,-3.0257815857028685e-15,3.063816276720809e-14,8.766909381824475e-14,1.3394081108006357e-13,1.3248336265122921e-14,3.043113890396447e-14,7.017028424322818e-14,1.2179843272093117e-13,6.271880873724393e-14,1.171968091814319e-13,1.2666148300993985e-13,1.7262800943326893e-13,1.4547523513056045e-13,8.173951606409725e-14,6.543013249592032e-14,-3.5466566155551966e-14,4.3100250429219395e-14,-7.935673493477465e-14,-1.6110213902370498e-14,-1.3086600483017062e-14,-1.0806203105792942e-13,-8.512282178341517e-15,-1.5676842850854127e-13,-7.698917365862081e-14,-2.0752396438944682e-14,-2.0477934766823834e-14,-1.4409195420937892e-13,-1.3802832510592515e-13,-1.670839191377634e-13,-8.560661524130912e-14,-4.83905136343721e-14,-3.0268271451266566e-13,-4.8968408087253205e-14,3.278927902346055e-14,-1.1965716204373625e-13,-1.2807412958178084,-4.5651134277182597e-14,-4.382694594375507e-14,-5.224792159048565e-15,-1.5542588486431984e-13,-1.8180453088425067e-13,-1.2479257392188345e-13,-2.0918462421557806e-13,-1.7924753216865496e-13,-1.1054675758571475e-13,-2.4520939460007593e-13,-1.7605891291973038e-13,-9.577012057895442e-14,-2.394370183793614e-13,-1.7616176702967954e-13,-1.0657846970608475e-13,-1.0049011109642591e-13,-2.3478129977859426e-13,-1.7116933728282686e-13,-2.0851603537100983e-13,-2.0047307825876316e-13,-1.4625277464024686e-13,-1.1130222715993267e-13,-1.2807412961298676,9.740445972329907e-14,1.4141626939633604e-13,9.177644610706353e-14,0.8925969062731189,1.1421518381040769e-14,-1.0511205190937667,-4.0804328736176436e-14,-2.893132396289867e-14,-5.161867287653223e-15,1.0401612920739197e-14,-3.710466565979791e-14,1.1116254617589473e-14,-3.3936593018929746e-14,-3.92785509168603e-14,1.874237000995764e-14,-4.271363836029852e-14,-5.979050942071878e-14,4.33234264756494e-14,2.2461507988170447e-14,-3.989134071546095e-14,2.3188889456697896e-14,-3.470245048274137e-14,-1.974255640579781e-14,4.681596121603286e-15,1.8609727782247068e-14,-1.0511205191384565,-1.2318523824786632e-14,0.8925969063320407,6.569420620256093e-14,8.434204308286373e-14,9.246725891110324e-14,0.6250000000095872,1.9009593972864302e-13,1.3266313211944321e-13,1.5036437195936154e-13,1.6452780015964353e-13,1.1125306786567364e-13,1.728630586920634e-13,2.1170203498559877e-13,1.0082994486332339e-13,1.7424672285581484e-13,2.4884277587696833e-13,1.0082563260061455e-13,1.1140980891855812e-13,1.767036469082812e-13,2.3837326110715264e-13,1.7333405481109057e-13,2.354288074283049e-13,1.1354046517510979e-13,1.4983528803749842e-13,2.0614568453373317e-13,2.0926095696303154e-13,-1.5915125062030708e-13,-1.3711066576710999e-13,0.625000000103555,-7.658264501567553e-15,-3.444758303228622e-14,-1.1528205045082723e-13,-2.7622527970267806e-13,-1.0963290800171685e-13,-3.92403052259906e-14,3.21957677571865e-14,9.733369744936295e-15,1.2966390286044513e-14,8.309013069601543e-14,1.2617709481471107e-14,1.1183025435353751e-13,2.186877926122669e-14,2.5680291103292446e-14,7.805794476978946e-14,1.6222414509391602e-13,1.466858447282933e-13,5.123493633411969e-14,8.933215224804901e-14,1.7262777682748125e-13,1.4032878119299163e-13,-3.6132595258331335e-14,3.829729562532548e-14,2.705493222737139e-13,-1.2499999999962919,-1.3409732961723365e-13,-3.103781320840916e-14,-1.6821335515501464e-14,-7.348247805385902e-14,-1.917023656587582e-13,-6.279894861297652e-14,-2.1190295522766098e-13,-1.39291657496569e-13,-9.243769763434966e-14,-2.5570373785952463e-13,-1.121985660655455e-13,-2.2944915205029307e-13,-1.7776210539227065e-13,-1.3852524743207885e-13,-1.2499330851877714e-13,-2.147507144131325e-13,-2.0898134534576998,9.060709590776744e-14,1.7679976056817273e-14,-2.4333794988453417e-13,-1.2613446230395862,-7.447573512030536e-14,-1.2874123228879258e-13,-1.0400343558102592e-13,-1.516478158767667e-13,-1.2631808386868988e-13,-1.6291614391734784e-13,-1.4823068656867426e-13,-1.0858747364920905e-13,-1.6919317261090276e-13,-1.4891184551902484e-13,-1.0593477919884505e-13,-1.712175438026429e-13,-1.428121728947793e-13,-1.1228163066507165e-13,-1.0652889077860186e-13,-1.4998610677420683e-13,-1.8056978979027034e-13,1.3285541173504492e-14,1.5970370748980415e-13,3.488883298663197e-14,-6.430071641317972e-14,-8.221111680705619e-14,-1.769608687509808e-13,-6.906285515773137e-15,-3.67445181611204e-14,1.5206767170211925e-14,-2.073936263669928e-14,-1.454909150107973e-14,-4.252653865032934e-14,-4.7412632294716594e-14,1.8281587735429163e-14,-1.725915897823735e-14,-2.9569304121697805e-14,1.4951907346413949e-15,-1.0140686966486171e-14,-9.655965918293974e-15,-1.565203413921738e-14,-1.4114745580853019,1.4114745582132155,2.0020772342370812e-13,1.5640964116106007e-13,2.1290244653012542e-13,3.134589953794318e-13,-2.0465613878297835e-14,1.8388246551877182e-13,2.2165614465499487e-13,1.2018179393088964e-13,1.7425379499984568e-13,2.0558735779420812e-13,1.9100217886452657e-13,1.5944783862700605e-13,1.9860475989497076e-13,1.934514579479109e-13,1.565451774466742e-13,1.619889046585626e-13,1.8745396686571126e-13,1.9732789606958612e-13,2.246590458098863e-13,1.7539296787628015e-13,-7.305421661985487e-14,1.2089893476705797e-13,6.54647758122352e-14,6.727099242224518e-14,1.771047264089904e-13,1.2500000000695353,9.790372183804281e-14,2.1497195628157797e-13,1.2541788930099494e-13,1.5786835377574532e-13,2.2400222572734765e-13,1.3466103854292215e-13,2.6505561455505367e-13,1.444903810048238e-13,1.5493494517763642e-13,1.878425687024145e-13,2.330159740692248e-13,2.1659793015815168e-13,-6.241479126800185e-14,2.089813453413148,-1.2500000000725462,-7.323590712549332e-14,1.2442785788799823e-14,1.543639151068547e-14,-2.4850112610277663e-14,-1.48776625051952e-13,-3.248763041768514e-14,-2.1566686979483555e-13,-1.1790065401294671e-13,-6.863253905314556e-14,-1.914976167204898e-13,-1.0137223872408029e-13,-1.7961051053442075e-13,-2.517385126942049e-13,-1.4231113112623976e-13,-9.988361693861414e-14,-2.413588947602835e-13,-2.0151302536906003e-14,6.487690075720727e-14,-4.145137129019167e-14,-9.684728000257235e-15,-1.3999066000717819e-14,-6.678759319455472e-14,-1.6810680205316377e-14,-3.1466633027791006e-14,-5.189064283805833e-14,-4.525365606111229e-14,-4.9613311190713384e-14,-1.8874436614048943e-14,-5.981791263012865e-14,-5.225245935314229e-14,-4.9702991354852074e-14,-4.891156160929873e-14,-1.0928561572550507e-13,-6.446228294029596e-14,-4.6863957960017685e-14,-8.372422328230244e-14,9.502318694585416e-14,0.8359253811803807,3.848340432921635e-14,2.1665967460365322e-14,-7.977799583184981e-15,-0.8359253812551853,2.201454931976921e-14,1.4925202647310268e-14,3.4762327147983426e-14,-9.177192950913019e-15,4.505775060485858e-14,-1.1271710206235679e-14,5.630599320831604e-15,2.489028502130515e-14,2.2675416060955635e-14,2.4912812718947587e-14,3.485949473398145e-15,1.7206048123504285e-15,-2.2496046883593656e-13,1.405853312862512,5.234599728380382e-14,1.288432605852939e-14,7.321800882181913e-15,5.325923562685957e-14,-7.069995339512804e-14,5.725092070657059e-14,3.4168010836157325e-14,2.7449362926075712e-14,2.650199082892818e-14,5.475651757894102e-14,4.906993920576781e-14,5.4036240881538945e-14,5.895053992247393e-14,6.550830455729517e-14,5.174795376238083e-14,7.154629447845484e-14,1.1985716991099046e-13,5.415694188265828e-14,-1.3038956071593e-13,4.0073867689438756e-14,5.746450806865951e-15,-2.437374251742824e-14,-2.395735654183149e-14,6.679376927322125e-14,1.249999999812696,2.5580633037575044e-14,1.41489294120748e-13,6.030402994732811e-14,1.0849725839482971e-13,2.1206044253988622e-13,9.535814075235485e-14,1.8548220354960893e-13,9.453308369612628e-14,1.3767509724316333e-13,2.4908006291460694e-13,1.7414573129654171e-13,-3.7290633496752765e-15,2.1296886332725087e-13,-1.5827229046064614e-13,-8.913511642581681e-14,-1.567953362952848e-14,-1.6734838716602078e-14,-4.673675983629392e-14,-1.671850762117991,-6.340042606333821e-14,-1.6236090126316656e-13,-1.1422937960137167e-13,-9.599199221939833e-14,-1.509088597331724e-13,-1.356806602578658e-13,-2.7361483483246733e-13,9.803124194290076e-14,4.95253044014508e-14,-3.803802639736754e-14,-1.4568552035854246e-14,-2.302926511315558e-14,-6.195442946369024e-14,-4.523570003906033e-15,-4.7670167261205347e-14,-6.040551995716267e-14,-2.7490978486904163e-14,-4.9542947627747465e-14,-4.529917009291254e-14,-2.3535044727590195e-14,-1.2699633938372802e-13,-5.5770941633481e-14,-7.603230510299403e-14,8.397447111973123e-14,3.131806037992279e-14,4.50088842475728e-15,-2.174148324122299e-14,-7.767548780238304e-14,-1.1982067872875233e-15,1.4841813116519793e-14,4.277247094315156e-14,9.141536058183937e-15,1.6831679449611041e-15,-3.5566539279641054e-14,2.981194120250477e-14,-1.924542115901805e-14,-2.1353139726822543e-13,1.723239732154154e-13,5.77768660107359e-14,1.619888360655341e-14,4.741126227654111e-15,4.202455624078388e-14,-4.0896686871699193e-14,5.313471533453433e-14,4.355494631444802e-14,3.924867190881179e-15,4.383199561637189e-14,4.9034425133582e-14,2.9158604481146004e-14,5.4019352844171285e-14,1.3179711527355396e-13,2.4853573305023185e-14,4.13354318438599e-14,2.686547404975008e-14,-8.159075757956611e-15,-1.42674043253435e-14,6.175282665709757e-14,1.4852723882064216e-13,4.1800853852650533e-14,1.6718507624407235,7.7593446108829e-14,9.658513155758796e-14,1.4954423287224904e-13,1.2155478202782317e-13,1.4070783670397682e-13,-1.2700285082042508e-13,2.4352533840274774e-13,-5.830439596398291e-14,-9.087709662027731e-14,9.903303099378098e-16,-9.869785256994082e-15,-1.708705213248956e-14,-8.891345713315805e-14,-3.5114955278914356e-14,-9.067179406336336e-14,-2.5550586189877285e-13,-4.474670373614996e-14,-3.0135918728680897e-13,-9.227024125705032e-14,8.318883262502618e-14,4.569809954683295e-14,-9.05539920632419e-14,-3.876567067395026e-14,-4.328691620170856e-14,-5.646256561822038e-14,1.2138974034087763e-14,-4.4435274361037614e-14,-7.552076730086237e-14,2.6340204427966382e-15,-1.602519166478711e-13,-8.327934397648546e-14,-7.010233977989043e-14,1.14816002457422e-13,7.748674358399002e-14,3.772691366173695e-14,2.638057531464462e-15,-3.1443682264253796e-14,-7.961670772869321e-14,2.769018140386908e-14,-2.1243465606446524e-14,4.960306450308976e-14,4.736500629955538e-14,-4.032490286124944e-14,-4.5540761973652206e-14,-2.0780772685427877e-13,1.7406072110743595e-13,4.948118831632431e-14,3.8208030193952684e-14,3.2151363492032617e-14,9.59244473356014e-14,-5.040796482772758e-14,7.184316241158094e-14,4.184175189569311e-14,-1.3166110733448708e-14,8.265777095853427e-14,1.637644181776019e-13,-3.5348570980928433e-15,-1.4180950074135097e-13,4.0837936698585284e-14,1.217685850299095e-14,5.946511207265631e-15,-4.817126528857937e-15,9.508850099509888e-14,4.883792066450623e-14,3.2295521574832425e-14,8.775420635430598e-14,4.303684137938032e-14,2.5691837563545283e-13,8.918517400948277e-14,-1.0572744487511262e-13,6.671310330408672e-14,2.730554996048405e-13,-6.517884254207854e-14,-6.779634583633215e-14,-1.4365953611996778e-14,-2.4512767924735423e-14,-4.5642123399274763e-14,-8.622601218638837e-14,-8.690147582852378e-14,-2.916392531933953e-13,6.733096108098332e-14,2.1795617419069645e-14,3.363702924698409e-14,3.9610278159984e-15,-3.157733451752073e-14,4.679610188949574e-14,-1.6718507624990415,-6.69758745495584e-15,-8.464434400620661e-14,7.429261656150542e-14,3.3580154272632864e-14,2.237870566699522e-15,-3.123530285660764e-14,-7.427183108269573e-14,6.209162364902437e-14,-5.728521488972781e-14,-2.0580956650527359e-13,1.7676992404503843e-13,2.579208105980628e-14,-1.1106481325894489e-14,-4.186611871384076e-14,-2.653029261840729e-14,-6.950716023840519e-14,2.112793469146674e-15,1.671850762303109,-4.9755397663091154e-14,5.971225691159415e-14,4.2182919586525594e-14,2.0645248874608918e-14,1.1792212046986372e-14,6.985665232270593e-14,6.809087347777004e-14,8.654690389760089e-14,8.854433275605175e-14,2.6151053521123787e-13,2.1341934823835406e-14,-4.780484308414508e-14,-3.839809188124496e-13,-4.1886772157081933e-14,1.8010419504523383e-14,-2.8446201677883247e-13,-8.768139705523717e-14,9.084287164714716e-14,2.900245555617645e-14,1.999857122692212e-14,-3.983758734879882e-13,-6.972781828766898e-14,-3.2952926346476883e-15,-6.222614198548997e-14,1.225389367655586e-13,3.3030368965676014e-14,9.887370818162034e-14,5.189724933296115e-15,-9.648790268110232e-14,-3.2314477702284814e-14,-2.0043301175531468e-13,1.7502133073681277e-13,1.9913833410185084e-15,6.845334913963926e-14,3.999142013738899e-13,-1.937979961098908e-14,-2.855916398901917e-14,-1.460822049436373e-13,3.753470310445466e-14,-1.7804957701750796e-14,4.218292324237398e-14,3.857102353201586e-13,4.912869712143257e-14,-2.2049347681362207e-14,-1.140678775628652e-13,6.262758071952518e-14,2.5779213503326686e-13,-2.5636305761499314e-13,1.0187709675285015e-13,-4.0847303029720174e-14,-2.2281217350370517e-13,2.0240166001060414e-13,1.8091338520315684e-14,-1.239710429230657e-13,2.315790607170438e-13,-1.2239276892060742e-13,1.1747732013561253e-13,3.707971930317402e-14,1.285210900758136e-13,-1.2166591216657045e-13,-2.7407633376625417e-14,0.6250000000188483,0.8442587042104205,4.3967738985728425e-15,-0.6250000000252807,1.1201786669013658e-13,4.077124991580194e-14,-3.9749929630287943e-14,-1.1529283131186752e-13,4.978798740497111e-14,2.745230598167152e-14,-3.621615770527517e-14,-7.877771764447546e-14,7.905125059910914e-14,3.42467202985422e-14,-3.889141167534911e-14,-7.593316513436217e-14,-6.0781739224877226e-15,5.175860524713979e-14,-5.828181434809777e-14,6.1898248993441726e-15,4.86523352932278e-14,3.725147126377518e-14,-4.036051291563723e-14,-4.712413558166627e-14,-1.2184063988101372e-13,-5.747917556389851e-13,5.749575830635283e-13,1.2328395232913733e-13,0.0,2.8737918410190445e-13,4.06595989970547e-14,0.0,4.442582042482333e-13,1.9072364720729732e-13,0.0,3.1089831544650656e-13,8.351074614562723e-14,0.0,2.9347800422823895e-13,-5.416950351460023e-14,0.0,2.8099924829658696e-13,-1.476371984349835e-14,0.0,3.709983679846284e-13,1.4072609100648524e-13,0.0,2.8250645462074454e-13,1.9191818301576396e-14,0.0,2.8277046398899824e-13,-2.4653464699902937e-14,0.0,2.8103170623734353e-13,1.3982990396966207e-14,0.0,2.832995179113336e-13,-2.5827476529524526e-14,0.0,2.941376551320656e-13,-5.5776711068206443e-14,0.0,2.8239229397777086e-13,2.2667205182474352e-14,0.0,3.090951348655609e-13,-8.011843069189871e-14,0.0,2.839779476965678e-13,-2.915509544634034e-14,0.0,2.80311074679116e-13,7.187674704425195e-15,0.0,2.806983673415818e-13,1.1770439240824232e-14,0.0,3.498017425980656e-13,-1.2470512943689734e-13,0.0,3.4019070478097993e-13,-1.1516524980764965e-13,0.0,2.993476583709425e-13,-6.518411410132887e-14,0.0,2.830508078778584e-13,-2.5577317953504778e-14,0.0,2.805381846569457e-13,-1.004022937299435e-14,0.0,3.3605960029560696e-13,-1.1088493778128546e-13,0.0,2.9504283227109675e-13,-5.725463224835875e-14,0.0,3.4786689620595976e-13,-1.2239276892060742e-13,0.0,2.8222676505948453e-13,2.2239385527138186e-14,0.0,2.948064424677836e-13,5.721076817775518e-14,0.0,3.0072762439823935e-13,-6.870137451426272e-14,0.0,4.454049783605196e-13,-1.9119249064992075e-13,0.0,2.830220335828752e-13,-2.5779821684520387e-14,0.0,2.801612506373429e-13,2.7898902225155145e-15,0.0,4.941518838605689e-13,-2.1394264689924533e-13,0.0,2.84608511067811e-13,3.1570472749022005e-14,0.0,2.860681109337802e-13,-3.5830541138676314e-14,0.0,2.82706931262412e-13,2.4481539577814966e-14,0.0,2.8214890494122724e-13,-2.1508161793639135e-14,0.0,2.9784012781821974e-13,6.265250707330799e-14,0.0,2.802954336849343e-13,-6.945691367263445e-15,0.0,2.801194661549942e-13,-3.0257815857028685e-15,0.0,2.843294159466975e-13,3.063816276720809e-14,0.0,3.150022126687819e-13,8.766909381824475e-14,0.0,3.6227434944236164e-13,1.3394081108006357e-13,0.0,2.8087534618265927e-13,1.3248336265122921e-14,0.0,2.843515086278452e-13,3.043113890396447e-14,0.0,3.025665437767859e-13,7.017028424322818e-14,0.0,3.47715633522608e-13,1.2179843272093117e-13,0.0,2.980992624499331e-13,6.271880873724393e-14,0.0,3.427458539411109e-13,1.171968091814319e-13,0.0,3.423973780350757e-13,1.1747732013561253e-13,0.0,2.859870279597956e-13,3.707971930317402e-14,0.0,3.535150349607896e-13,1.2666148300993985e-13,0.0,4.1590324072400487e-13,1.7262800943326893e-13,0.0,3.749004015172261e-13,1.4547523513056045e-13,0.0,3.119824181640133e-13,8.173951606409725e-14,0.0,3.009637611934848e-13,6.543013249592032e-14,0.0,2.856860847124408e-13,-3.5466566155551966e-14,0.0,2.8826791660120823e-13,4.3100250429219395e-14,0.0,3.0851475061608555e-13,-7.935673493477465e-14,0.0,2.812747332426408e-13,-1.6110213902370498e-14,0.0,2.81209996089623e-13,-1.3086600483017062e-14,0.0,3.3279464580117517e-13,-1.0806203105792942e-13,0.0,2.8043764485394444e-13,-8.512282178341517e-15,0.0,3.9026498567957656e-13,-1.5676842850854127e-13,0.0,3.070224629007896e-13,-7.698917365862081e-14,0.0,2.820310010302949e-13,-2.0752396438944682e-14,0.0,2.820227133904292e-13,-2.0477934766823834e-14,0.0,3.740460333386752e-13,-1.4409195420937892e-13,0.0,3.66643481835539e-13,-1.3802832510592515e-13,0.0,4.052422337222433e-13,-1.670839191377634e-13,0.0,3.135024207364126e-13,-8.560661524130912e-14,0.0,2.9075017549728075e-13,-4.83905136343721e-14,0.0,6.903652050276933e-13,-3.0268271451266566e-13,0.0,2.9136111110138886e-13,-4.8968408087253205e-14,0.0,2.84704432860889e-13,3.278927902346055e-14,0.0,3.527891298005019e-13,1.285210900758136e-13,0.0,3.450557725307389e-13,-1.1965716204373625e-13,1.0,0.8201491334003846,-1.2807412958178084,0.0,2.893933131980098e-13,-4.5651134277182597e-14,0.0,2.894769993061375e-13,-4.382694594375507e-14,0.0,2.8116140197698553e-13,-5.224792159048565e-15,0.0,3.886626744760497e-13,-1.5542588486431984e-13,0.0,4.2829063118990854e-13,-1.8180453088425067e-13,0.0,3.5100188814871084e-13,-1.2479257392188345e-13,0.0,4.771766957197661e-13,-2.0918462421557806e-13,0.0,4.250573721685452e-13,-1.7924753216865496e-13,0.0,3.3516650124748073e-13,-1.1054675758571475e-13,0.0,5.52249446407563e-13,-2.4520939460007593e-13,0.0,4.202491967906757e-13,-1.7605891291973038e-13,0.0,3.2147960398551086e-13,-9.577012057895442e-14,0.0,5.401107661532103e-13,-2.394370183793614e-13,0.0,4.203718136993686e-13,-1.7616176702967954e-13,0.0,3.3098990758974874e-13,-1.0657846970608475e-13,0.0,3.255233136590303e-13,-1.0049011109642591e-13,0.0,5.302095127503208e-13,-2.3478129977859426e-13,0.0,4.123526394078658e-13,-1.7116933728282686e-13,0.0,4.771371028454361e-13,-2.0851603537100983e-13,0.0,4.60364099802824e-13,-2.0047307825876316e-13,0.0,3.7680811035889075e-13,-1.4625277464024686e-13,0.0,3.359096186648649e-13,-1.1130222715993267e-13,1.0,0.8201491338436572,-1.2807412961298676,0.0,3.2273933634284214e-13,9.740445972329907e-14,0.0,3.6849100865772365e-13,1.4141626939633604e-13,0.0,3.4541974473846746e-13,-1.2166591216657045e-13,0.0,3.16821681623665e-13,9.177644610706353e-14,1.0,0.3983646185682056,0.8925969062731189,0.0,2.8077171416024833e-13,1.1421518381040769e-14,1.0,0.5524271728410589,-1.0511205190937667,0.0,2.87746641801874e-13,-4.0804328736176436e-14,0.0,2.841622579491669e-13,-2.893132396289867e-14,0.0,2.805794428553261e-13,-5.161867287653223e-15,0.0,2.806451464325361e-13,1.0401612920739197e-14,0.0,2.865547486362942e-13,-3.710466565979791e-14,0.0,2.8077805399009797e-13,1.1116254617589473e-14,0.0,2.8585504830126246e-13,-3.3936593018929746e-14,0.0,2.8727862090438375e-13,-3.92785509168603e-14,0.0,2.817481552233625e-13,1.874237000995764e-14,0.0,2.887402356729713e-13,-4.271363836029852e-14,0.0,2.961844094019296e-13,-5.979050942071878e-14,0.0,2.887238910798666e-13,4.33234264756494e-14,0.0,2.824406669111926e-13,2.2461507988170447e-14,0.0,2.874304706898172e-13,-3.989134071546095e-14,0.0,2.825570242532541e-13,2.3188889456697896e-14,0.0,2.857500060291933e-13,-3.470245048274137e-14,0.0,2.819415565387902e-13,-1.974255640579781e-14,0.0,2.802242796248872e-13,4.681596121603286e-15,0.0,2.816848258258367e-13,1.8609727782247068e-14,1.0,0.5524271729068823,-1.0511205191384565,0.0,2.808865334891927e-13,-1.2318523824786632e-14,1.0,0.39836461866033074,0.8925969063320407,0.0,2.832989441935923e-13,-2.7407633376625417e-14,0.0,2.992655964106427e-13,6.569420620256093e-14,0.0,3.124758689131674e-13,8.434204308286373e-14,0.0,3.190766475404861e-13,9.246725891110324e-14,1.0,0.19531250001499473,0.6250000000095872,0.0,4.484068789146797e-13,1.9009593972864302e-13,0.0,3.596006166818906e-13,1.3266313211944321e-13,0.0,3.846153401850175e-13,1.5036437195936154e-13,0.0,4.0210347415294717e-13,1.6452780015964353e-13,0.0,3.362026834980107e-13,1.1125306786567364e-13,0.0,4.1543384004554057e-13,1.728630586920634e-13,0.0,4.827548187972579e-13,2.1170203498559877e-13,0.0,3.2604022480190405e-13,1.0082994486332339e-13,0.0,4.1754506929714716e-13,1.7424672285581484e-13,0.0,5.61571384996104e-13,2.4884277587696833e-13,0.0,3.259369605697979e-13,1.0082563260061455e-13,0.0,3.3667288469294055e-13,1.1140980891855812e-13,0.0,4.2163407765904667e-13,1.767036469082812e-13,0.0,5.387327554094899e-13,2.3837326110715264e-13,0.0,4.165931158300001e-13,1.7333405481109057e-13,0.0,5.323988716930038e-13,2.354288074283049e-13,0.0,3.384961355221961e-13,1.1354046517510979e-13,0.0,3.820629383788004e-13,1.4983528803749842e-13,0.0,4.739198263701385e-13,2.0614568453373317e-13,0.0,4.793124349079184e-13,2.0926095696303154e-13,0.0,3.9272684902154165e-13,-1.5915125062030708e-13,0.0,3.6547213821102654e-13,-1.3711066576710999e-13,1.0,0.19531250019225485,0.625000000103555,0.0,2.804224245096446e-13,-7.658264501567553e-15,0.0,2.853327101972597e-13,-3.444758303228622e-14,0.0,3.394073101324701e-13,-1.1528205045082723e-13,0.0,6.374035521342288e-13,-2.7622527970267806e-13,0.0,3.361063700499931e-13,-1.0963290800171685e-13,0.0,2.8692255047831725e-13,-3.92403052259906e-14,0.0,2.84679492518101e-13,3.21957677571865e-14,0.0,2.81222890315824e-13,9.733369744936295e-15,0.0,2.8089677742084585e-13,1.2966390286044513e-14,0.0,3.1136196966149576e-13,8.309013069601543e-14,0.0,2.808902924460782e-13,1.2617709481471107e-14,0.0,3.369038728320592e-13,1.1183025435353751e-13,0.0,2.823064059176803e-13,2.186877926122669e-14,0.0,2.832284165003909e-13,2.5680291103292446e-14,0.0,3.0781824730631844e-13,7.805794476978946e-14,0.0,4.0057822226629013e-13,1.6222414509391602e-13,0.0,3.7811775722835976e-13,1.466858447282933e-13,0.0,2.921615354498554e-13,5.123493633411969e-14,0.0,3.166559999789694e-13,8.933215224804901e-14,0.0,4.160238597016207e-13,1.7262777682748125e-13,0.0,3.698514477845729e-13,1.4032878119299163e-13,0.0,2.856454569943422e-13,-3.6132595258331335e-14,0.0,2.8695256042409687e-13,3.829729562532548e-14,0.0,6.071467925841923e-13,2.705493222737139e-13,1.0,0.19531250003677691,0.6250000000188483,1.0,0.7812499999954053,-1.2499999999962919,0.0,3.6161600408973073e-13,-1.3409732961723365e-13,0.0,2.8471698561264723e-13,-3.103781320840916e-14,0.0,2.8149474350815843e-13,-1.6821335515501464e-14,0.0,3.049609091857634e-13,-7.348247805385902e-14,0.0,4.4709706867233e-13,-1.917023656587582e-13,0.0,2.9814769929000593e-13,-6.279894861297652e-14,0.0,4.839150843818345e-13,-2.1190295522766098e-13,0.0,3.6855989248831337e-13,-1.39291657496569e-13,0.0,3.1922786849527813e-13,-9.243769763434966e-14,0.0,5.751146135191394e-13,-2.5570373785952463e-13,0.0,3.372900502351729e-13,-1.121985660655455e-13,0.0,5.193007639808753e-13,-2.2944915205029307e-13,0.0,4.237360215643784e-13,-1.7776210539227065e-13,0.0,3.6739970961434077e-13,-1.3852524743207885e-13,0.0,3.5124677108473313e-13,-1.2499330851877714e-13,0.0,4.902263683678237e-13,-2.147507144131325e-13,1.0,2.183660134894719,-2.0898134534576998,0.0,3.1578253404536246e-13,9.060709590776744e-14,1.0,0.35638637987602245,0.8442587042104205,0.0,2.813942203638157e-13,1.7679976056817273e-14,0.0,5.510356096106318e-13,-2.4333794988453417e-13,1.0,0.7954951290620619,-1.2613446230395862,0.0,3.0590782679755936e-13,-7.447573512030536e-14,0.0,3.5591333164261337e-13,-1.2874123228879258e-13,0.0,3.294043314350157e-13,-1.0400343558102592e-13,0.0,3.855819044427774e-13,-1.516478158767667e-13,0.0,3.538207492298378e-13,-1.2631808386868988e-13,0.0,4.016476448190739e-13,-1.6291614391734784e-13,0.0,3.811013277360331e-13,-1.4823068656867426e-13,0.0,3.3427032325767206e-13,-1.0858747364920905e-13,0.0,4.114475928644497e-13,-1.6919317261090276e-13,0.0,3.8178097328594063e-13,-1.4891184551902484e-13,0.0,3.3149129112484e-13,-1.0593477919884505e-13,0.0,4.145510592052682e-13,-1.712175438026429e-13,0.0,3.7337003937046824e-13,-1.428121728947793e-13,0.0,3.3784670586486113e-13,-1.1228163066507165e-13,0.0,3.3206861746515453e-13,-1.0652889077860186e-13,0.0,3.8316997108112836e-13,-1.4998610677420683e-13,0.0,4.2733642384648304e-13,-1.8056978979027034e-13,0.0,2.8106937275926377e-13,1.3285541173504492e-14,0.0,2.8735494640893957e-13,4.3967738985728425e-15,0.0,3.9490950752785647e-13,1.5970370748980415e-13,0.0,2.855279232305672e-13,3.488883298663197e-14,0.0,2.985097149435233e-13,-6.430071641317972e-14,0.0,3.1124158699294965e-13,-8.221111680705619e-14,0.0,4.224295674217108e-13,-1.769608687509808e-13,0.0,2.803044460975278e-13,-6.906285515773137e-15,0.0,2.8624547346848694e-13,-3.67445181611204e-14,0.0,2.811092068537443e-13,1.5206767170211925e-14,0.0,2.8205388448529474e-13,-2.073936263669928e-14,0.0,2.8105387944990895e-13,-1.454909150107973e-14,0.0,2.8829762414468574e-13,-4.252653865032934e-14,0.0,2.900281277189472e-13,-4.7412632294716594e-14,0.0,2.816467437820327e-13,1.8281587735429163e-14,0.0,2.8152736301239033e-13,-1.725915897823735e-14,0.0,2.840477904301415e-13,-2.9569304121697805e-14,0.0,2.800832240498907e-13,1.4951907346413949e-15,0.0,2.805300123158722e-13,-1.0140686966486171e-14,0.0,2.805094158816842e-13,-9.655965918293974e-15,0.0,2.812039019868118e-13,-1.565203413921738e-14,1.0,0.996130214060833,-1.4114745580853019,1.0,0.996130214241741,1.4114745582132155,1.0,0.1953125000488365,-0.6250000000252807,0.0,4.68231381644822e-13,2.0020772342370812e-13,0.0,3.9847509098205685e-13,1.5640964116106007e-13,0.0,5.05394853442464e-13,2.1290244653012542e-13,0.0,7.312128871462032e-13,3.134589953794318e-13,0.0,2.848076305190615e-13,-2.0465613878297835e-14,0.0,4.4311020866785245e-13,1.8388246551877182e-13,0.0,5.098469845757915e-13,2.2165614465499487e-13,0.0,3.4600829356917297e-13,1.2018179393088964e-13,0.0,4.2287930806569877e-13,1.7425379499984568e-13,0.0,4.761691788232361e-13,2.0558735779420812e-13,0.0,4.468394664301789e-13,1.9100217886452657e-13,0.0,3.988979408381156e-13,1.5944783862700605e-13,0.0,4.625794289943787e-13,1.9860475989497076e-13,0.0,4.517158754193314e-13,1.934514579479109e-13,0.0,3.942206261606893e-13,1.565451774466742e-13,0.0,4.0245505375363607e-13,1.619889046585626e-13,0.0,4.4276805031783817e-13,1.8745396686571126e-13,0.0,4.587164017561302e-13,1.9732789606958612e-13,0.0,5.135042085533733e-13,2.246590458098863e-13,0.0,4.2131503557277275e-13,1.7539296787628015e-13,0.0,3.04512449364685e-13,-7.305421661985487e-14,0.0,3.500535313559487e-13,1.2089893476705797e-13,0.0,3.0315093555960004e-13,6.54647758122352e-14,0.0,3.0949689551440726e-13,6.727099242224518e-14,0.0,4.2972852570784616e-13,1.771047264089904e-13,1.0,0.7812500000998341,1.2500000000695353,0.0,3.2772941834275075e-13,9.790372183804281e-14,0.0,4.945162383605675e-13,2.1497195628157797e-13,0.0,3.547717256143402e-13,1.2541788930099494e-13,0.0,3.9654285163172435e-13,1.5786835377574532e-13,0.0,5.114969325296509e-13,2.2400222572734765e-13,0.0,3.6568484719347224e-13,1.3466103854292215e-13,0.0,6.046354392032259e-13,2.6505561455505367e-13,0.0,3.7739047533807316e-13,1.444903810048238e-13,0.0,3.919502073774772e-13,1.5493494517763642e-13,0.0,4.431985374822436e-13,1.878425687024145e-13,0.0,5.296348989086908e-13,2.330159740692248e-13,0.0,4.956173609710354e-13,2.1659793015815168e-13,0.0,2.9700638532879993e-13,-6.241479126800185e-14,1.0,2.183660134826659,2.089813453413148,0.0,3.365882019239985e-13,1.1201786669013658e-13,1.0,0.7812500001041849,-1.2500000000725462,0.0,3.050235300648112e-13,-7.323590712549332e-14,0.0,2.807656462987862e-13,1.2442785788799823e-14,0.0,2.811276585552897e-13,1.543639151068547e-14,0.0,2.832651934840839e-13,-2.4850112610277663e-14,0.0,3.81081231241757e-13,-1.48776625051952e-13,0.0,2.8507002008139837e-13,-3.248763041768514e-14,0.0,4.898979020092138e-13,-2.1566686979483555e-13,0.0,3.438333237745221e-13,-1.1790065401294671e-13,0.0,3.0180039902807355e-13,-6.863253905314556e-14,0.0,4.472079477226586e-13,-1.914976167204898e-13,0.0,3.2720792693355835e-13,-1.0137223872408029e-13,0.0,4.277020194123248e-13,-1.7961051053442075e-13,0.0,5.658639426143018e-13,-2.517385126942049e-13,0.0,3.730333255083928e-13,-1.4231113112623976e-13,0.0,3.2581997447741245e-13,-9.988361693861414e-14,0.0,5.381428739072552e-13,-2.413588947602835e-13,0.0,2.818409730719958e-13,-2.0151302536906003e-14,0.0,2.880778024297941e-13,4.077124991580194e-14,0.0,3.007270774668568e-13,6.487690075720727e-14,0.0,2.879875192869146e-13,-4.145137129019167e-14,0.0,2.8053831489144783e-13,-9.684728000257235e-15,0.0,2.810022383524725e-13,-1.3999066000717819e-14,0.0,3.009148308133152e-13,-6.678759319455472e-14,0.0,2.8140784422485123e-13,-1.6810680205316377e-14,0.0,2.8478001976374123e-13,-3.1466633027791006e-14,0.0,2.925380770081721e-13,-5.189064283805833e-14,0.0,2.8958909782807005e-13,-4.525365606111229e-14,0.0,2.9146702222619004e-13,-4.9613311190713384e-14,0.0,2.8173367188743856e-13,-1.8874436614048943e-14,0.0,2.9659819620479795e-13,-5.981791263012865e-14,0.0,2.925997037245747e-13,-5.225245935314229e-14,0.0,2.914373957416964e-13,-4.9702991354852074e-14,0.0,2.9109277858288654e-13,-4.891156160929873e-14,0.0,3.3342896315445913e-13,-1.0928561572550507e-13,0.0,2.9923467235744734e-13,-6.446228294029596e-14,0.0,2.9017433684874294e-13,-4.6863957960017685e-14,0.0,3.11533276321657e-13,-8.372422328230244e-14,0.0,3.1936922089834394e-13,9.502318694585416e-14,0.0,2.8770939692587514e-13,-3.9749929630287943e-14,1.0,0.3493856214215245,0.8359253811803807,0.0,2.8717735195465665e-13,3.848340432921635e-14,0.0,2.8271299440782036e-13,2.1665967460365322e-14,0.0,2.8045229085892136e-13,-7.977799583184981e-15,1.0,0.3493856215424843,-0.8359253812551853,0.0,2.8265847704523977e-13,2.201454931976921e-14,0.0,2.81083389620362e-13,1.4925202647310268e-14,0.0,2.856607023433984e-13,3.4762327147983426e-14,0.0,2.807900375665361e-13,-9.177192950913019e-15,0.0,2.8916605517247973e-13,4.505775060485858e-14,0.0,2.807257726403213e-13,-1.1271710206235679e-14,0.0,2.804412603033621e-13,5.630599320831604e-15,0.0,2.828386315739622e-13,2.489028502130515e-14,0.0,2.8249662811375236e-13,2.2675416060955635e-14,0.0,2.8291504163278304e-13,2.4912812718947587e-14,0.0,2.802307197513602e-13,3.485949473398145e-15,0.0,2.801231593866098e-13,1.7206048123504285e-15,0.0,5.032601288560912e-13,-2.2496046883593656e-13,1.0,0.9882117686424039,1.405853312862512,0.0,3.402622235044077e-13,-1.1529283131186752e-13,0.0,2.93685606403567e-13,5.234599728380382e-14,0.0,2.8093549687875295e-13,1.288432605852939e-14,0.0,2.803765708686566e-13,7.321800882181913e-15,0.0,2.93449844110687e-13,5.325923562685957e-14,0.0,3.030065763685641e-13,-7.069995339512804e-14,0.0,2.9508549568047615e-13,5.725092070657059e-14,0.0,2.855537699896793e-13,3.4168010836157325e-14,0.0,2.837092781221229e-13,2.7449362926075712e-14,0.0,2.8351855388766003e-13,2.650199082892818e-14,0.0,2.940000713354099e-13,5.475651757894102e-14,0.0,2.914728844909166e-13,4.906993920576781e-14,0.0,2.9351618390055185e-13,5.4036240881538945e-14,0.0,2.9629431844967165e-13,5.895053992247393e-14,0.0,3.000878211042653e-13,6.550830455729517e-14,0.0,2.9253198404481534e-13,5.174795376238083e-14,0.0,3.038572875776953e-13,7.154629447845484e-14,0.0,3.4638489817583924e-13,1.1985716991099046e-13,0.0,2.9380706402440305e-13,5.415694188265828e-14,0.0,3.548431229574947e-13,-1.3038956071593e-13,0.0,2.8726128845075623e-13,4.0073867689438756e-14,0.0,2.808490043659641e-13,5.746450806865951e-15,0.0,2.827584751610042e-13,-2.437374251742824e-14,0.0,2.8265658180102535e-13,-2.395735654183149e-14,0.0,3.006789770767199e-13,6.679376927322125e-14,1.0,0.781249999733936,1.249999999812696,0.0,2.8322727485099055e-13,2.5580633037575044e-14,0.0,3.721053990867633e-13,1.41489294120748e-13,0.0,2.9676423798695297e-13,6.030402994732811e-14,0.0,3.34123711036256e-13,1.0849725839482971e-13,0.0,4.877669116415079e-13,2.1206044253988622e-13,0.0,3.220606738820132e-13,9.535814075235485e-14,0.0,4.381302272449693e-13,1.8548220354960893e-13,0.0,3.2129774328604883e-13,9.453308369612628e-14,0.0,3.6741989168605387e-13,1.3767509724316333e-13,0.0,5.639873317713811e-13,2.4908006291460694e-13,0.0,4.194938487561688e-13,1.7414573129654171e-13,0.0,2.8039801844993353e-13,-3.7290633496752765e-15,0.0,4.805723025560428e-13,2.1296886332725087e-13,0.0,2.9322715857848165e-13,4.978798740497111e-14,0.0,3.9452189897287933e-13,-1.5827229046064614e-13,0.0,3.1552303760798513e-13,-8.913511642581681e-14,0.0,2.813742129798247e-13,-1.567953362952848e-14,0.0,2.815392722527464e-13,-1.6734838716602078e-14,0.0,2.899275162913072e-13,-4.673675983629392e-14,1.0,1.3975424854728773,-1.671850762117991,0.0,2.981186540437065e-13,-6.340042606333821e-14,0.0,3.99594675330908e-13,-1.6236090126316656e-13,0.0,3.3903844506654756e-13,-1.1422937960137167e-13,0.0,3.216492049843378e-13,-9.599199221939833e-14,0.0,3.840654490218247e-13,-1.509088597331724e-13,0.0,3.638153456113147e-13,-1.356806602578658e-13,0.0,6.134915068605368e-13,-2.7361483483246733e-13,0.0,3.225172486998761e-13,9.803124194290076e-14,0.0,2.8368489842963316e-13,2.745230598167152e-14,0.0,2.9108695819825994e-13,4.95253044014508e-14,0.0,2.866300433859961e-13,-3.803802639736754e-14,0.0,2.810763739713201e-13,-1.4568552035854246e-14,0.0,2.824929967388561e-13,-2.302926511315558e-14,0.0,2.976197538190832e-13,-6.195442946369024e-14,0.0,2.802205157286755e-13,-4.523570003906033e-15,0.0,2.9050094139626914e-13,-4.7670167261205347e-14,0.0,2.9670475877766166e-13,-6.040551995716267e-14,0.0,2.8364285143628526e-13,-2.7490978486904163e-14,0.0,2.9127086663196146e-13,-4.9542947627747465e-14,0.0,2.894529036654674e-13,-4.529917009291254e-14,0.0,2.826522528272683e-13,-2.3535044727590195e-14,0.0,3.5192817016425347e-13,-1.2699633938372802e-13,0.0,2.9427810282944287e-13,-5.5770941633481e-14,0.0,3.0608850261519255e-13,-7.603230510299403e-14,0.0,2.8603361565522714e-13,-3.621615770527517e-14,0.0,3.121397278061335e-13,8.397447111973123e-14,0.0,2.8464231029828256e-13,3.131806037992279e-14,0.0,2.8018248399203435e-13,4.50088842475728e-15,0.0,2.822765042799896e-13,-2.174148324122299e-14,0.0,3.0780110185533697e-13,-7.767548780238304e-14,0.0,2.800402142960778e-13,-1.1982067872875233e-15,0.0,2.811231950466975e-13,1.4841813116519793e-14,0.0,2.88381755972679e-13,4.277247094315156e-14,0.0,2.8048052854937817e-13,9.141536058183937e-15,0.0,2.80088577301528e-13,1.6831679449611041e-15,0.0,2.85849296978233e-13,-3.5566539279641054e-14,0.0,2.8417260886684714e-13,2.981194120250477e-14,0.0,2.8178213533906967e-13,-1.924542115901805e-14,0.0,4.819254679844051e-13,-2.1353139726822543e-13,0.0,4.110340823056846e-13,1.723239732154154e-13,0.0,3.091292429685458e-13,-7.877771764447546e-14,0.0,2.952737289381146e-13,5.77768660107359e-14,0.0,2.813386797082067e-13,1.619888360655341e-14,0.0,2.8019207004008563e-13,4.741126227654111e-15,0.0,2.8819989784344635e-13,4.202455624078388e-14,0.0,2.877487183640764e-13,-4.0896686871699193e-14,0.0,2.9294723841220184e-13,5.313471533453433e-14,0.0,2.8877834369937645e-13,4.355494631444802e-14,0.0,2.8017372689034755e-13,3.924867190881179e-15,0.0,2.8901176990461626e-13,4.383199561637189e-14,0.0,2.9120607341612455e-13,4.9034425133582e-14,0.0,2.840269207272e-13,2.9158604481146004e-14,0.0,2.9356300221961914e-13,5.4019352844171285e-14,0.0,3.596626870457041e-13,1.3179711527355396e-13,0.0,2.829651014839211e-13,2.4853573305023185e-14,0.0,2.8782738843611395e-13,4.13354318438599e-14,0.0,2.832595301656619e-13,2.686547404975008e-14,0.0,2.8035798301537576e-13,-8.159075757956611e-15,0.0,2.8097417167771126e-13,-1.42674043253435e-14,0.0,2.974022522685072e-13,6.175282665709757e-14,0.0,3.820834327916674e-13,1.4852723882064216e-13,0.0,2.879704724714513e-13,4.1800853852650533e-14,1.0,1.3975424859356358,1.6718507624407235,0.0,3.0743557086248834e-13,7.7593446108829e-14,0.0,3.2289224360069434e-13,9.658513155758796e-14,0.0,3.82796666125142e-13,1.4954423287224904e-13,0.0,3.4801452124890267e-13,1.2155478202782317e-13,0.0,3.711829628556924e-13,1.4070783670397682e-13,0.0,3.514429619960679e-13,-1.2700285082042508e-13,0.0,5.438141850510293e-13,2.4352533840274774e-13,0.0,3.0830338595383126e-13,7.905125059910914e-14,0.0,2.9582124979394823e-13,-5.830439596398291e-14,0.0,3.1628271875673295e-13,-9.087709662027731e-14,0.0,2.800870014616093e-13,9.903303099378098e-16,0.0,2.8058019271214583e-13,-9.869785256994082e-15,0.0,2.814549761830605e-13,-1.708705213248956e-14,0.0,3.1605367518320516e-13,-8.891345713315805e-14,0.0,2.85798439615484e-13,-3.5114955278914356e-14,0.0,3.1792746891908886e-13,-9.067179406336336e-14,0.0,5.729416131722434e-13,-2.5550586189877285e-13,0.0,2.8932927196695167e-13,-4.474670373614996e-14,0.0,6.864987716749928e-13,-3.0135918728680897e-13,0.0,3.1856013672578155e-13,-9.227024125705032e-14,0.0,3.101852117613494e-13,8.318883262502618e-14,0.0,2.8539036420403524e-13,3.42467202985422e-14,0.0,2.893929923547568e-13,4.569809954683295e-14,0.0,3.1606073822019723e-13,-9.05539920632419e-14,0.0,2.870334194505642e-13,-3.876567067395026e-14,0.0,2.88752084856267e-13,-4.328691620170856e-14,0.0,2.947056713053006e-13,-5.646256561822038e-14,0.0,2.8071709688531697e-13,1.2138974034087763e-14,0.0,2.8915284762770327e-13,-4.4435274361037614e-14,0.0,3.0622380775856565e-13,-7.552076730086237e-14,0.0,2.801045028615479e-13,2.6340204427966382e-15,0.0,3.9465820414595447e-13,-1.602519166478711e-13,0.0,3.1206356576241667e-13,-8.327934397648546e-14,0.0,3.021950065390837e-13,-7.010233977989043e-14,0.0,3.3786059637772413e-13,1.14816002457422e-13,0.0,2.8696173917789903e-13,-3.889141167534911e-14,0.0,3.073375637444667e-13,7.748674358399002e-14,0.0,2.8674404096371164e-13,3.772691366173695e-14,0.0,2.801190875442641e-13,2.638057531464462e-15,0.0,2.845234110616494e-13,-3.1443682264253796e-14,0.0,3.0894323805746677e-13,-7.961670772869321e-14,0.0,2.8370443554952067e-13,2.769018140386908e-14,0.0,2.8209679107553923e-13,-2.1243465606446524e-14,0.0,2.914391665390505e-13,4.960306450308976e-14,0.0,2.904862845373085e-13,4.736500629955538e-14,0.0,2.8746924377370243e-13,-4.032490286124944e-14,0.0,2.894734527599813e-13,-4.5540761973652206e-14,0.0,4.71656393174799e-13,-2.0780772685427877e-13,0.0,4.139513888594129e-13,1.7406072110743595e-13,0.0,3.066020780107929e-13,-7.593316513436217e-14,0.0,2.911636387799834e-13,4.948118831632431e-14,0.0,2.866537249271785e-13,3.8208030193952684e-14,0.0,2.8475956628243556e-13,3.2151363492032617e-14,0.0,3.23026383000829e-13,9.59244473356014e-14,0.0,2.9160607454388215e-13,-5.040796482772758e-14,0.0,3.035778933941326e-13,7.184316241158094e-14,0.0,2.8816392165452163e-13,4.184175189569311e-14,0.0,2.8085466453577234e-13,-1.3166110733448708e-14,0.0,3.115780852095321e-13,8.265777095853427e-14,0.0,4.0240280678308043e-13,1.637644181776019e-13,0.0,2.801390756462472e-13,-3.5348570980928433e-15,0.0,3.6844812834370283e-13,-1.4180950074135097e-13,0.0,2.87659507963953e-13,4.0837936698585284e-14,0.0,2.8072313241375404e-13,1.217685850299095e-14,0.0,2.8020131847038186e-13,5.946511207265631e-15,0.0,2.8020260759637963e-13,-4.817126528857937e-15,0.0,3.220411914774636e-13,9.508850099509888e-14,0.0,2.9113307101041e-13,4.883792066450623e-14,0.0,2.84825558028002e-13,3.2295521574832425e-14,0.0,3.152487745231058e-13,8.775420635430598e-14,0.0,2.8859140951658995e-13,4.303684137938032e-14,0.0,5.794441395527241e-13,2.5691837563545283e-13,0.0,3.165616367183749e-13,8.918517400948277e-14,0.0,3.2895669711729466e-13,-1.0572744487511262e-13,0.0,3.0025109505141944e-13,6.671310330408672e-14,0.0,6.13584027508295e-13,2.730554996048405e-13,0.0,2.801109401526906e-13,-6.0781739224877226e-15,0.0,2.9949313724416987e-13,-6.517884254207854e-14,0.0,3.0082114017915493e-13,-6.779634583633215e-14,0.0,2.810351150708685e-13,-1.4365953611996778e-14,0.0,2.828606443341461e-13,-2.4512767924735423e-14,0.0,2.8966783835579713e-13,-4.5642123399274763e-14,0.0,3.1424664351744373e-13,-8.622601218638837e-14,0.0,3.1492983695180045e-13,-8.690147582852378e-14,0.0,6.61316378406168e-13,-2.916392531933953e-13,0.0,2.916387455946048e-13,5.175860524713979e-14,0.0,3.00434079772271e-13,6.733096108098332e-14,0.0,2.818510827766778e-13,2.1795617419069645e-14,0.0,2.845339298206415e-13,3.363702924698409e-14,0.0,2.7998500199149896e-13,3.9610278159984e-15,0.0,2.848929622837896e-13,-3.157733451752073e-14,0.0,2.8976849275699666e-13,4.679610188949574e-14,1.0,1.3975424860196655,-1.6718507624990415,0.0,2.802832470171545e-13,-6.69758745495584e-15,0.0,3.1202535056629987e-13,-8.464434400620661e-14,0.0,2.960812629149838e-13,-5.828181434809777e-14,0.0,3.052707910723691e-13,7.429261656150542e-14,0.0,2.853547658771441e-13,3.3580154272632864e-14,0.0,2.8010376868060856e-13,2.237870566699522e-15,0.0,2.845431429333801e-13,-3.123530285660764e-14,0.0,3.0533418346398406e-13,-7.427183108269573e-14,0.0,2.979576230485415e-13,6.209162364902437e-14,0.0,2.9514484962909544e-13,-5.728521488972781e-14,0.0,4.681887861305432e-13,-2.0580956650527359e-13,0.0,4.1851496100511907e-13,1.7676992404503843e-13,0.0,2.8033974931691876e-13,6.1898248993441726e-15,0.0,2.830628278599221e-13,2.579208105980628e-14,0.0,2.80794252125473e-13,-1.1106481325894489e-14,0.0,2.884795226729892e-13,-4.186611871384076e-14,0.0,2.835740362759525e-13,-2.653029261840729e-14,0.0,3.0215669860543666e-13,-6.950716023840519e-14,0.0,2.801516838996094e-13,2.112793469146674e-15,1.0,1.3975424857386325,1.671850762303109,0.0,2.9146812538517223e-13,-4.9755397663091154e-14,0.0,2.964696528967371e-13,5.971225691159415e-14,0.0,2.8811243510061154e-13,4.2182919586525594e-14,0.0,2.8199168079353176e-13,2.0645248874608918e-14,0.0,2.8070265286355753e-13,1.1792212046986372e-14,0.0,3.0223069763102224e-13,6.985665232270593e-14,0.0,3.011751364199077e-13,6.809087347777004e-14,0.0,3.144966411809265e-13,8.654690389760089e-14,0.0,3.159584143837641e-13,8.854433275605175e-14,0.0,5.863354120733591e-13,2.6151053521123787e-13,0.0,2.909103081398677e-13,4.86523352932278e-14,0.0,2.82152432930011e-13,2.1341934823835406e-14,0.0,2.907505916537203e-13,-4.780484308414508e-14,0.0,9.402650420696775e-13,-3.839809188124496e-13,0.0,2.882998268604922e-13,-4.1886772157081933e-14,0.0,2.815359659157941e-13,1.8010419504523383e-14,0.0,6.430252610242795e-13,-2.8446201677883247e-13,0.0,3.1499706333991123e-13,-8.768139705523717e-14,0.0,3.1609819061886935e-13,9.084287164714716e-14,0.0,2.8633313621696855e-13,3.725147126377518e-14,0.0,2.8396514297580305e-13,2.900245555617645e-14,0.0,2.81792911278193e-13,1.999857122692212e-14,0.0,9.911048328628655e-13,-3.983758734879882e-13,0.0,3.0281420850689334e-13,-6.972781828766898e-14,0.0,2.8014804579444823e-13,-3.2952926346476883e-15,0.0,2.9751024845595056e-13,-6.222614198548997e-14,0.0,3.462334718581966e-13,1.225389367655586e-13,0.0,2.8753603209817874e-13,-4.036051291563723e-14,0.0,2.851688212459091e-13,3.3030368965676014e-14,0.0,3.2517293509146624e-13,9.887370818162034e-14,0.0,2.8026639056068995e-13,5.189724933296115e-15,0.0,3.2310622264684566e-13,-9.648790268110232e-14,0.0,2.8489695453822125e-13,-3.2314477702284814e-14,0.0,4.584488312405279e-13,-2.0043301175531468e-13,0.0,4.161359553009093e-13,1.7502133073681277e-13,0.0,2.902494823026432e-13,-4.712413558166627e-14,0.0,2.801064951326815e-13,1.9913833410185084e-15,0.0,3.018179844468331e-13,6.845334913963926e-14,0.0,1.003775331966133e-12,3.999142013738899e-13,0.0,2.817899640258724e-13,-1.937979961098908e-14,0.0,2.8380934083242983e-13,-2.855916398901917e-14,0.0,3.741314366339702e-13,-1.460822049436373e-13,0.0,2.8651973512465255e-13,3.753470310445466e-14,0.0,2.814791749124079e-13,-1.7804957701750796e-14,0.0,2.8835569834572595e-13,4.218292324237398e-14,0.0,9.504548793799016e-13,3.857102353201586e-13,0.0,2.9126506355215244e-13,4.912869712143257e-14,0.0,2.8228054128133166e-13,-2.2049347681362207e-14,0.0,3.3710545357275646e-13,-1.140678775628652e-13,0.0,2.979497353849372e-13,6.262758071952518e-14,0.0,5.779331190249585e-13,2.5779213503326686e-13,0.0,3.481233484723236e-13,-1.2184063988101372e-13,0.0,5.743698334150321e-13,-2.5636305761499314e-13,0.0,3.2563641426591607e-13,1.0187709675285015e-13,0.0,1.7570457385696021e-12,-5.747917556389851e-13,0.0,2.8760168126903593e-13,-4.0847303029720174e-14,0.0,1.7592272566136574e-12,5.749575830635283e-13,0.0,5.001931273204842e-13,-2.2281217350370517e-13,0.0,4.633188873264558e-13,2.0240166001060414e-13,0.0,3.501359193407749e-13,1.2328395232913733e-13,0.0,2.815808360301602e-13,1.8091338520315684e-14,0.0,3.4768582955292944e-13,-1.239710429230657e-13,0.0,5.200905962140255e-13,2.315790607170438e-13]
