#SOLVERNAME# PAJ_CPLEX_MOSEK
#SOLVER# Pajarito.PajaritoSolver(3, 3600.0, 1.0e-5, false, CPLEX.CplexSolver(Any[(:CPX_PARAM_THREADS, 1), (:CPX_PARAM_SCRIND, 0), (:CPX_PARAM_EPINT, 1.0e-9), (:CPX_PARAM_EPRHS, 1.0e-8), (:CPX_PARAM_EPGAP, 0.0)]), Pajarito.UnsetSolver(), 0, false, true, Mosek.MosekSolver(Any[(:LOG, 0), (:NUM_THREADS, 1), (:MSK_DPAR_INTPNT_CO_TOL_REL_GAP, 1.0e-10), (:MSK_DPAR_INTPNT_CO_TOL_PFEAS, 1.0e-10), (:MSK_DPAR_INTPNT_CO_TOL_DFEAS, 1.0e-10), (:MSK_DPAR_INTPNT_CO_TOL_NEAR_REL, 1000.0)]), true, true, false, false, true, false, false, true, false, true, true, true, true, false, true, 10.0, false, false, false, true, 1.0e-12, 1.0e-8, false, "")
#INSTANCE# achtziger_stolpe06-6.2flowc.cbf.gz
#TIMELIMIT# 3600.0

Problem dimensions:
       variables |    3781
     constraints |    2606
   nonzeros in A |    7886

Cones summary:
Cone             | Count   | Min dim.  | Max dim. 
    Rotated S.O. |     630 |         3 |         3

Variable types:
      continuous |    3151
         integer |     630

Transforming data...               0.01s

Creating conic subproblem...       0.03s

Building MIP model...              0.02s

Solving conic relaxation...        0.07s
 - Relaxation status    =        Optimal
 - Relaxation bound     =      43.973733

Starting iterative algorithm

Iter. | Best feasible  | Best bound     | Rel. gap    | Time (s)   
    1 |  +4.880863e+01 |  +4.724979e+01 |   3.194e-02 |   1.196e+03

Iter. | Best feasible  | Best bound     | Rel. gap    | Time (s)   
    2 |  +4.880863e+01 |  +4.725582e+01 |   3.181e-02 |   2.572e+03

Iter. | Best feasible  | Best bound     | Rel. gap    | Time (s)   
    3 |  +4.880863e+01 |  +4.725582e+01 |   3.181e-02 |   3.600e+03

Iterative algorithm summary:
 - Status               =      UserLimit
 - Best feasible        =  +4.880863e+01
 - Best bound           =  +4.725582e+01
 - Relative opt. gap    =      3.181e-02
 - Total time (s)       =       3.60e+03

Timers (s):
 - Setup                =   5.95e-02
 -- Transform data      =   1.10e-02
 -- Create conic data   =   2.71e-02
 -- Create MIP data     =   2.14e-02
 - Algorithm            =   3.60e+03
 -- Solve relaxation    =   6.88e-02
 -- Get relaxation cuts =   2.95e-03
 -- Solve MIP models    =   3.60e+03
 -- Solve subproblems   =   1.03e-01
 -- Get subproblem cuts =   2.60e-02
 -- Get separation cuts =   3.38e-04

Counters:
 - Iterations           =     3
 -- Integer repeats     =     0
 -- Conic subproblems   =     3
 --- Infeasible         =     0
 --- Optimal            =     3
 --- Suboptimal         =     0
 --- UserLimit          =     0
 --- ConicFailure       =     0
 --- Other status       =     0
 -- Feasible solutions  =     3
 --- From subproblems   =     3
 --- From MIP solve     =     0

Solution returned by conic solver

Rounds of full separation/subproblem cuts, and count of cuts added:
Cone             | Subp.  | Sep.   | Total  | Relax. | Viol. 
    Second order |   2520 |      0 |   3780 |   1252 |     95

0 numerically unstable disaggregated SOC cuts

Distance to feasibility (negative indicates strict feasibility):
Cone             | Variable  | Constraint
          Linear |  0.00e+00 |  1.65e-10
    Rotated S.O. |  7.33e-11 |        NA

Distance to integrality of integer/binary variables:
         integer |  0.00e+00

#STATUS# UserLimit
#OBJVAL# 48.80863003553846
#OBJBOUND# 47.25582189945801
#NODECOUNT# NaN
#TIMESOLVER# 3600.0523948669434
#TIMEALL# 3600.0887949466705
#SOLUTION# [48.80863003553846,0.0,0.0,-0.0,0.0,0.0,0.0,0.0,0.0,0.0,0.0,0.0,0.0,0.0,0.0,0.0,0.0,-0.0,0.0,0.0,0.0,-0.0,-0.0,0.0,0.0,0.0,0.0,0.0,0.0,0.0,1.0,0.0,0.0,0.0,0.0,0.0,0.0,0.0,0.0,0.0,0.0,0.0,0.0,0.0,0.0,0.0,0.0,0.0,0.0,0.0,0.0,-0.0,-0.0,-0.0,0.0,1.0,0.0,0.0,0.0,0.0,1.0,0.0,0.0,0.0,0.0,0.0,0.0,0.0,0.0,0.0,0.0,0.0,-0.0,-0.0,-0.0,-0.0,-0.0,-0.0,-0.0,-0.0,-0.0,-0.0,0.0,0.0,0.0,0.0,1.0,-0.0,0.0,0.0,0.0,1.0,0.0,0.0,0.0,0.0,0.0,0.0,0.0,0.0,0.0,0.0,0.0,0.0,0.0,0.0,0.0,0.0,-0.0,0.0,0.0,0.0,0.0,0.0,0.0,0.0,1.0,0.0,0.0,0.0,-0.0,0.0,0.0,0.0,0.0,0.0,0.0,0.0,0.0,-0.0,0.0,0.0,0.0,0.0,-0.0,-0.0,0.0,0.0,0.0,0.0,0.0,0.0,0.0,1.0,1.0,0.0,0.0,0.0,0.0,0.0,0.0,0.0,0.0,0.0,0.0,0.0,0.0,0.0,0.0,0.0,0.0,1.0,0.0,0.0,0.0,0.0,0.0,0.0,0.0,0.0,1.0,0.0,0.0,0.0,0.0,0.0,0.0,0.0,0.0,0.0,0.0,0.0,-0.0,0.0,0.0,0.0,0.0,1.0,0.0,0.0,0.0,0.0,1.0,0.0,0.0,0.0,0.0,0.0,0.0,0.0,0.0,-0.0,-0.0,-0.0,-0.0,-0.0,-0.0,1.0,1.0,0.0,0.0,0.0,0.0,0.0,0.0,0.0,1.0,0.0,0.0,0.0,0.0,0.0,0.0,0.0,0.0,0.0,0.0,0.0,0.0,0.0,0.0,0.0,0.0,0.0,0.0,0.0,0.0,0.0,0.0,0.0,0.0,0.0,0.0,0.0,0.0,0.0,0.0,0.0,0.0,0.0,0.0,0.0,0.0,1.0,-0.0,0.0,0.0,0.0,0.0,0.0,0.0,0.0,0.0,0.0,0.0,0.0,0.0,0.0,0.0,0.0,0.0,0.0,0.0,0.0,0.0,0.0,0.0,0.0,0.0,0.0,0.0,0.0,0.0,0.0,0.0,0.0,0.0,0.0,0.0,0.0,0.0,0.0,0.0,0.0,0.0,0.0,0.0,0.0,0.0,0.0,0.0,0.0,-0.0,0.0,0.0,0.0,0.0,0.0,0.0,-0.0,-0.0,-0.0,0.0,0.0,0.0,0.0,0.0,0.0,0.0,0.0,0.0,0.0,0.0,0.0,0.0,0.0,0.0,0.0,0.0,0.0,0.0,0.0,0.0,0.0,0.0,0.0,0.0,0.0,0.0,0.0,0.0,0.0,0.0,0.0,0.0,0.0,0.0,0.0,0.0,0.0,0.0,0.0,1.0,0.0,0.0,0.0,1.0,0.0,1.0,0.0,0.0,0.0,0.0,0.0,0.0,0.0,0.0,0.0,0.0,0.0,0.0,0.0,0.0,0.0,-0.0,0.0,0.0,0.0,0.0,0.0,0.0,0.0,0.0,0.0,0.0,0.0,0.0,0.0,0.0,0.0,0.0,1.0,0.0,0.0,0.0,0.0,0.0,0.0,0.0,0.0,0.0,0.0,0.0,0.0,0.0,0.0,0.0,0.0,0.0,0.0,0.0,-0.0,0.0,0.0,0.0,0.0,0.0,0.0,0.0,0.0,0.0,0.0,0.0,0.0,0.0,0.0,0.0,0.0,0.0,0.0,0.0,0.0,0.0,0.0,0.0,0.0,0.0,0.0,0.0,0.0,0.0,0.0,0.0,0.0,0.0,0.0,0.0,1.0,0.0,-0.0,0.0,-0.0,0.0,0.0,-0.0,0.0,0.0,0.0,0.0,0.0,0.0,0.0,0.0,0.0,0.0,0.0,0.0,-0.0,0.0,0.0,0.0,0.0,0.0,0.0,0.0,0.0,0.0,0.0,0.0,0.0,0.0,0.0,0.0,0.0,0.0,0.0,0.0,0.0,0.0,0.0,0.0,0.0,0.0,0.0,0.0,0.0,0.0,-0.0,0.0,0.0,-0.0,0.0,0.0,0.0,0.0,0.0,0.0,0.0,0.0,0.0,0.0,-0.0,0.0,-0.0,0.0,0.0,-0.0,0.0,0.0,0.0,0.0,0.0,0.0,0.0,0.0,0.0,0.0,0.0,0.0,0.0,0.0,0.0,0.0,0.0,-0.0,0.0,0.0,0.0,0.0,0.0,0.0,0.0,0.0,0.0,0.0,0.0,0.0,0.0,-0.0,0.0,0.0,0.0,0.0,0.0,0.0,-0.0,0.0,0.0,0.0,0.0,0.0,0.0,0.0,0.0,0.0,0.0,-0.0,0.0,0.0,0.0,-0.0,0.0,-0.0,-0.0,0.0,-0.0,0.0,0.0,0.0,0.0,-0.0,-0.0,-0.0,0.0,0.0,0.0,0.0,0.0,0.0,0.0,-0.0,-0.0,0.0,0.0,0.0,0.0,0.0,0.0,0.0,0.0,-0.0,0.0,0.0,-0.0,0.0,0.0,0.0,0.0,0.0,-0.0,-0.0,-0.0,0.0,0.0,0.0,-0.0,0.0,-0.0,-0.0,-0.0,0.0,0.0,0.0,0.0,-0.0,0.0,-0.0,-0.0,0.0,0.0,0.0,3.751078448298224e-12,4.226120015112405e-12,5.198600082416838e-12,4.065408189863461e-12,3.732672026800365e-12,3.71731130559655e-12,3.741510245587653e-12,3.759898608649699e-12,3.988397656461586e-12,3.867278258416131e-12,3.712779178283155e-12,4.260389618802803e-12,3.714320560088512e-12,4.4121476369817085e-12,3.9221861283330714e-12,3.732707902280015e-12,3.719342050336614e-12,4.7217948557111286e-12,4.776702277494405e-12,4.4502237357868566e-12,4.037069455647738e-12,3.8116698416480595e-12,3.780917207880422e-12,3.805034894186916e-12,8.11549344301181e-12,3.713450074441152e-12,4.054828203782962e-12,4.457363355248046e-12,4.70259418092584e-12,1.763916015685469,4.952978882774146e-12,4.6596220093794024e-12,3.8916480403833876e-12,5.982134133037045e-12,5.3856405417014866e-12,5.012460718965241e-12,7.042698027448128e-12,4.950215237305677e-12,4.2337389666585785e-12,8.427218295299658e-12,5.479400875413096e-12,4.184100347305009e-12,7.235072469007581e-12,5.3689036832231806e-12,4.495056891531838e-12,4.2576518341518e-12,7.093041932523488e-12,5.198619559506727e-12,6.353300925587862e-12,5.002665939033145e-12,4.862851114857765e-12,4.418509208719633e-12,5.726423041594947e-12,4.1336549952898966e-12,1.7639160157083458,5.3423720443749396e-12,6.275928468921946e-12,4.197477575245546e-12,4.436856634939354e-12,2.088865247318491,3.727537515897556e-12,5.22134732804533e-12,3.839162669544814e-12,3.713840717054176e-12,3.761820142873906e-12,3.7294855200937954e-12,3.723795137497456e-12,3.987742331772696e-12,3.754285887550698e-12,3.7252241147350324e-12,3.984072974655333e-12,3.743396790846005e-12,3.713609558144957e-12,3.933797473657495e-12,3.900850294680095e-12,3.718710251015894e-12,3.941976356839799e-12,3.722790329762489e-12,3.7133039926489455e-12,3.802337242937087e-12,3.839348420355524e-12,3.817200482671174e-12,3.875757666006183e-12,6.274297904713068e-12,3.832560962663959e-12,2.0888652476321665,3.732539041486901e-12,4.248333406887083e-12,4.781038221894592e-12,4.5282935481021204e-12,0.6103515626172396,7.0227126179549075e-12,4.702678946924745e-12,5.891781785750548e-12,6.655815634474673e-12,4.648815837416331e-12,5.245221977330477e-12,8.073154593344185e-12,4.011435630982283e-12,6.227597250178472e-12,8.34080070219097e-12,4.528006083538766e-12,5.139391357198449e-12,6.223152347101019e-12,7.848652788161847e-12,6.270615455201671e-12,7.736751496209577e-12,4.7585741444666835e-12,5.4473540428751134e-12,8.616915024859813e-12,6.84911505133978e-12,3.976175358255791e-12,6.488072299063864e-12,6.35202959530856e-12,5.7429854563560725e-12,0.6103515625450919,3.722445966340193e-12,3.72441132915183e-12,4.386544657522932e-12,7.44324905322642e-12,3.7743606592750345e-12,3.872494652096234e-12,3.72337783829025e-12,3.712981216552616e-12,4.036007322758573e-12,3.9673164100741394e-12,3.722608545069084e-12,4.308132387066032e-12,3.712486997133291e-12,3.741237461697688e-12,3.919522301005444e-12,4.490771893374034e-12,4.803032878434464e-12,3.794510467049652e-12,4.040131357071834e-12,6.354505492046899e-12,4.6913823947960795e-12,3.715267425437843e-12,3.712344042193697e-12,3.8859477393826626e-12,3.784275557939115e-12,9.60263307171491e-12,0.39062500001734834,1.5624999996980078,3.997471469400564e-12,3.74830184286958e-12,3.725213300204501e-12,4.2934983092913956e-12,4.890082648211809e-12,3.722467723864442e-12,5.418361545640053e-12,4.307867206933219e-12,3.8959808243717585e-12,5.57590038877217e-12,4.107901139097156e-12,5.962982907814587e-12,4.7889316734605515e-12,4.3261639628032914e-12,4.267959475368425e-12,5.932499682685826e-12,4.367320268228364,4.970858753684188e-12,4.063890275279988e-12,3.881975241943828e-12,7.354212273426328e-12,4.27595686917271e-12,4.056909978719099e-12,5.235943497279874e-12,4.977840973203708e-12,0.6141544128316512,4.221016602771768e-12,6.5719959845632854e-12,4.866723856470684e-12,4.1494946804450664e-12,5.6502360928861726e-12,4.798424836814595e-12,4.202533405014703e-12,5.649526891392109e-12,4.666382597409403e-12,4.276324270091924e-12,4.278478488701999e-12,5.167706551405679e-12,4.600958543725127e-12,4.758967481128044e-12,3.801607134286533e-12,4.023318787161264e-12,0.15258789060427302,4.5475048191892716e-12,3.8213088851414594e-12,3.851461135347254e-12,3.723819239377225e-12,1.9024047087467713,3.72482049746378e-12,3.9581369311680295e-12,3.74972568232052e-12,3.7167818140134134e-12,3.966621376152426e-12,3.7630782764777186e-12,3.73211660254088e-12,3.921771083099788e-12,3.7132382562843054e-12,3.717871930358086e-12,3.931271560958886e-12,3.819128785097659e-12,3.744353631766841e-12,3.789115667015709e-12,5.650902991866543,2.8477384768141967,4.5055183237417705e-12,4.618357424211295e-12,4.207764670786561e-12,5.345795448915538e-12,1.144847870318661e-11,3.9650305685254466e-12,4.8189807817664406e-12,1.7059844801413822,6.585340595641098e-12,4.978641741772485e-12,6.396907402350133e-12,7.267295359156686e-12,4.825243033640414e-12,6.323396386372107e-12,6.9592261322295e-12,4.9130821024334364e-12,5.291346873322094e-12,6.3129441450063296e-12,6.9092646441269714e-12,9.081653003595645e-12,6.158153818264899e-12,3.87123053401032e-12,6.259241932615983e-12,4.81652828204347e-12,3.714298045157921e-12,3.952287395323362e-12,4.227959996317924e-12,3.7380427397368834e-12,3.862279690591327e-12,3.854317564762974e-12,3.87820981746917e-12,3.880714208574277e-12,3.7496030680045185e-12,4.317497760053958e-12,3.757851880509903e-12,4.544322745211158e-12,3.793603276865477e-12,3.853270947136146e-12,4.1912004663048596e-12,4.902272730105086e-12,4.7703352012477055e-12,4.387540627834255e-12,9.668368579021833e-12,4.361179361405894e-12,1.5625000000631535,3.797912967891099e-12,4.9979315847693225e-12,3.7626288793099865e-12,3.7368270626987865e-12,4.4596884067984515e-12,3.728785699695713e-12,4.789728994679257e-12,4.1349702054437154e-12,3.8832614909362575e-12,5.220694194021831e-12,4.081489306264297e-12,5.2601589094074494e-12,5.577989524211265e-12,4.5829269420321036e-12,4.130375897868278e-12,3.74095561327776e-12,7.672152499706646e-12,3.72001586579149e-12,3.817004787245783e-12,3.873818745998194e-12,3.855480649872454e-12,4.4222004116745555e-12,3.7119539736839795e-12,3.945152371603319e-12,4.0884497844822265e-12,3.769853420446704e-12,3.851426328712081e-12,3.8522938044315e-12,3.800838132743612e-12,3.7484625017611824e-12,3.946291579314943e-12,3.79747142212955e-12,3.870815646696348e-12,3.859587717659294e-12,3.863851657347043e-12,3.9197388957007754e-12,3.838912789537892e-12,3.733465986953294e-12,3.882419624083812e-12,4.913365395519526e-12,4.204448596442342e-12,4.207777149040138e-12,3.722894375577427e-12,3.711520445492517e-12,3.7125675937412155e-12,4.155869093463329e-12,3.712423621428716e-12,3.731942462012502e-12,3.747821284351443e-12,3.722358692365797e-12,3.738455602775211e-12,3.727460374202879e-12,3.7124024524100125e-12,3.756891161135985e-12,3.730120839854201e-12,3.732508926934173e-12,3.712680910924042e-12,3.7128993158586615e-12,3.747102305501381e-12,3.766418480438636e-12,6.722390880902448e-12,6.3602511342683576e-12,6.410504932157694e-12,3.783687888038414e-12,3.7679910302479115e-12,5.055726215098645e-12,4.101586433500189e-12,3.728749601353824e-12,3.80175595200666e-12,3.7621248317915645e-12,3.8495373826364194e-12,3.766029848299264e-12,3.871125414666336e-12,3.931602011928552e-12,3.804762999178216e-12,3.9882060577141125e-12,4.039992706182202e-12,3.831460817043062e-12,3.9859003089608734e-12,5.763774741849297e-12,3.921026371602654e-12,3.740883422484837e-12,5.263838255699907e-12,3.797787041070462e-12,3.995710049819444e-12,4.8065070257788735e-12,8.526175116961604e-12,4.138282919150659e-12,4.1340652313327304e-12,4.148397456739428e-12,3.939600242012531e-12,3.7759221194758556e-12,3.7776355686906055e-12,4.2812891186349604e-12,3.7695466578975525e-12,4.727721630895406e-12,3.790530884188734e-12,4.05898096791268e-12,5.490343806154847,4.652104936600021e-12,3.843285341099585e-12,3.7135556565952735e-12,6.403612261798095,4.357504051469157e-12,1.5624999999349725,3.744672375088044e-12,3.725310327310915e-12,3.717020061256281e-12,3.737638975546461e-12,4.111337510779468e-12,3.7501030983402634e-12,4.5559712929565716e-12,3.974553869190525e-12,4.03056043611364e-12,4.665746843844986e-12,4.361193370544828e-12,8.596108304331608e-12,4.685461219520795e-12,6.590525866595794e-12,3.813186313665983e-12,3.7777577637817355e-12,3.751012887428799e-12,3.771200619338271e-12,3.985590901645203e-12,3.711828834468663e-12,3.784622706203897e-12,3.949850773551535e-12,3.743430312070263e-12,3.77636820960153e-12,3.812469717869918e-12,3.730737214443568e-12,3.940581279688863e-12,3.907883924377541e-12,3.869330696957621e-12,3.761959595614223e-12,3.907228634804353e-12,7.237356963976794e-12,1.091830067207165,4.936625567735154e-12,3.733385069487403e-12,4.745797604512174e-12,6.050544878368231e-12,4.244858031031656e-12,3.889959718283811e-12,4.358234082327798e-12,3.896607442056113e-12,3.734693548497937e-12,4.244337255524219e-12,3.923966850533792e-12,3.7733186376782545e-12,6.0475450224884785e-12,5.714012740279142e-12,4.2683239315257025e-12,3.763420512042152e-12,3.7125755037869424e-12,3.714322294416907e-12,3.835982807096927e-12,3.888058757866788e-12,3.83540938501233e-12,3.7811293947217845e-12,3.718390923255876e-12,3.802130302301925e-12,3.876128862260024e-12,3.726346184787524e-12,3.868607588782214e-12,6.036771802373566e-12,3.720371810135294e-12,3.7874431678684095e-12,3.9457148002865394e-12,3.956003102261602e-12,3.915537712890897e-12,3.796262776301506e-12,3.754385076076856e-12,3.843514425068938e-12,4.272703633067627e-12,3.732776876352661e-12,4.29286791740987e-12,3.9100301160307874e-12,4.1096739442575975e-12,4.793713386777828e-12,4.381873416795016e-12,4.654786262917012e-12,4.651864845340291e-12,8.869099435793048e-12,3.837319714454355e-12,3.762448158251637e-12,4.0650842652948784e-12,3.9345323086426725e-12,3.964904320429084e-12,4.075444283398527e-12,4.344911650707097e-12,4.174722074562925e-12,4.395342730743161e-12,4.577360017116359,4.147825522778876e-12,3.8680617877344e-12,9.832683999693221e-12,4.347328269981025e-12,4.092928120129544e-12,3.714448314803791e-12,3.904084947551045e-12,3.71812340015673e-12,3.77555184211568e-12,3.825089476506653e-12,3.963025581637601e-12,3.730692651075623e-12,3.772812491320381e-12,4.20855133275042e-12,3.716803910110862e-12,4.227389770875227e-12,4.152151066177839e-12,4.036455839515868e-12,3.719553527690644e-12,3.875642926129119e-12,4.979861249685623e-12,3.7965866227803785e-12,3.947253904154849e-12,3.7949818142757785e-12,3.717721853260958e-12,3.754824414904584e-12,3.992142694992609e-12,3.749271186073669e-12,3.718796727786414e-12,3.841779261834335e-12,3.8286416022528674e-12,3.780005270730441e-12,3.825622094903181e-12,3.747273280149989e-12,3.763224184903068e-12,6.308690106384332e-12,6.3995568156010186e-12,3.914906414509176e-12,3.782219258912217e-12,3.719991201180795e-12,3.7139776842543446e-12,3.744958622978712e-12,3.891632602249524e-12,3.903342643477921e-12,3.798822079797658e-12,3.755547801336639e-12,4.0385524432908126e-12,6.985581693295041e-12,3.727735928890976e-12,3.729872350623915e-12,4.195748095653086e-12,4.894090951072408e-12,3.945253764773518e-12,3.719104768746599e-12,3.7163401474279255e-12,3.7169877713325266e-12,3.820008237783236e-12,3.828759596408623e-12,3.783236067193426e-12,4.396418356710241e-12,3.86566203463104e-12,1.0538670281319605e-11,4.346621574605167e-12,3.726928953068844e-12,4.499802480467464e-12,4.035247875555962e-12,9.069675714882908e-12,3.83817948900354e-12,3.978226735906602e-12,3.912903346966751e-12,3.7138113190627575e-12,3.766349479122307e-12,3.89118913525307e-12,4.284712044865162e-12,4.1999174695539405e-12,8.615792951843829e-12,3.721800946649954e-12,3.873227249399405e-12,3.823349600862331e-12,3.756490010706711e-12,3.89292178147982e-12,4.130419996232975e-12,3.737794662075774e-12,5.443784103401195e-12,3.873078388730555e-12,4.139511363269589e-12,3.802821453750957e-12,3.769673515014152e-12,4.08739894751134e-12,3.806959223495187e-12,3.729756092360644e-12,3.831099714906622e-12,4.280553744390993e-12,3.969267220126159e-12,3.9600843241122214e-12,6.111909508496046e-12,6.387873147349274e-12,3.76660435400872e-12,3.9052151009950076e-12,3.764088032015863e-12,3.7561478806687765e-12,3.821541447924431e-12,4.0587072150791546e-12,3.824957394380615e-12,1.0136588226514037e-11,3.790784458480946e-12,4.338168626750654e-12,3.897284224214501e-12,3.837307287874535e-12,3.748186866804677e-12,3.748056721134324e-12,4.310865096117206e-12,4.055629974243423e-12,4.3515699217722845e-12,4.441231198273646e-12,8.557792131158135e-12,3.887520142059874e-12,3.736603311354474e-12,3.975139339581483e-12,1.1447117256062938e-11,3.846494795417942e-12,3.740049861927583e-12,3.7167348727330785e-12,8.411484203450515e-12,4.007231441047988e-12,4.565968888333272e-12,3.7821348569050866e-12,3.786692116761296e-12,3.712480656228469e-12,1.0639832012765815e-11,4.114695404553793e-12,3.713071253092143e-12,4.375684923955133e-12,3.761800668845265e-12,3.814042008632427e-12,5.161116279412231e-12,3.914761304111384e-12,3.799131169674902e-12,4.2985792271210426e-12,4.6380039810236424e-12,4.497182564206787e-12,3.8028715727442e-12,3.863373020977114e-12,4.028929012383512e-12,5.874996736429793e-12,6.438005469724877e-12,3.85200954584176e-12,3.711715507904906e-12,3.9997494873894085e-12,1.8513430580219102e-11,3.7447555707716855e-12,3.771784300103979e-12,3.7272245078515016e-12,4.597668404562489e-12,4.934793702707209e-12,3.902977997363762e-12,3.72685107932419e-12,3.851153724808191e-12,1.570501251892156e-11,3.9228765552588815e-12,3.770976726473022e-12,3.715771113010527e-12,4.590070758036397e-12,4.004739525114599e-12,8.447194358465066e-12,4.71945112496674e-12,7.515452534930317e-12,4.736410520036484e-12,2.4022449040430094e-11,4.426991886245352e-12,3.923931809639269e-12,3.752264678765428e-12,2.5113839322698964e-11,5.536179921026427e-12,8.493478550780007e-12,5.067472370919615e-12,3.857613052388602e-12,4.5087731572512795e-12,3.784206454430033e-12,4.714424039882826e-12,7.496315655812111e-12,4.005668172945089e-12,4.33541276132177e-12,5.983081959988139e-13,1.0058886310614572e-12,4.955074670476161e-13,7.895520995523673e-14,6.328714633128658e-14,-1.4737231033070956e-13,1.8575217338250615e-13,-4.421381883244887e-13,3.1748548513607186e-13,2.811263689784735e-14,-6.213072222505888e-13,4.080570214241106e-14,-7.014659408835691e-13,-3.8474482655831285e-13,-1.2195390174629495e-13,-7.379347628973933e-14,-8.418916318596406e-13,-8.625748444787135e-13,-7.220980346921069e-13,-4.769015004057461e-13,-2.642382886764314e-13,2.241683156914982e-13,2.5847005271692686e-13,-1.7724841681466718e-12,-2.9542332373304735e-14,5.013671852331719e-13,-8.257068503464779e-13,-1.328125000021142,-9.269236463724361e-13,-8.052223938554518e-13,-3.5870624698131447e-13,-1.2642446257694035e-12,-1.0870447734265731e-12,-9.532199192143525e-13,-1.5301372423724428e-12,-9.358341845968433e-13,-6.09143489788614e-13,-1.8156327420331527e-12,-1.1159805076625379e-12,-5.788823014253658e-13,-1.570818648016091e-12,-1.0806714727517971e-12,-7.447394093325198e-13,-6.224305780531841e-13,-1.5386031698028841e-12,-1.0232391370790387e-12,-1.3605050077565148e-12,-9.533047153074198e-13,-9.007775632390799e-13,-7.065681065673293e-13,1.1919086358857317e-12,5.434882584482945e-13,-1.3281250000304319,1.0698640386924644e-12,1.3526614139411526e-12,7.243697061244622e-13,1.4452907137740199,-9.377923039403985e-14,-1.0170761072199891e-12,-3.0705107358859486e-13,1.9869192003419682e-14,1.8838792068502062e-13,1.1535111585500485e-13,-8.407708865066927e-14,4.3279784051320753e-13,1.6206453252908894e-13,-9.194022348195221e-14,4.307662979801299e-13,-1.434007852294123e-13,-2.5793056002213716e-14,3.887047450756927e-13,3.585413227299139e-13,-6.501181442731417e-14,3.968436653029342e-13,-8.417955829715487e-14,2.5977071907905015e-14,2.484507878293819e-13,2.958705252651891e-13,2.781223467432438e-13,-3.46930538110792e-13,-1.3591888317137942e-12,-2.963730565067954e-13,1.4452907138846973,6.176678688855457e-13,8.651689529826797e-13,7.50930438904966e-13,0.7812500000426259,1.5155690615122474e-12,8.34572836993976e-13,1.2347423161058024e-12,1.4249973614180417e-12,8.110997408258069e-13,1.0406649905491806e-12,1.7415117830165237e-12,4.621519518409133e-13,1.3252771655370204e-12,1.7954981532585362e-12,7.5637823185932e-13,9.98304560579856e-13,1.3230695480365354e-12,1.6966958680806248e-12,1.3350859297865541e-12,1.673833477144169e-12,8.55206159033923e-13,1.0996031576912018e-12,1.8466813155881996e-12,1.4783715290780723e-12,-4.3077998869487966e-13,-1.3932698567997165e-12,-1.372757836884196e-12,-1.1943710766737046e-12,0.7812500000279992,6.490715735115508e-14,-6.631967844957656e-14,-6.912381256021676e-13,-1.6103524072701242e-12,2.0583124125080717e-13,-3.3749943145097975e-13,9.291246566447286e-14,-3.3291608219335527e-14,-4.618337284078929e-13,4.2372583990221184e-13,-8.533058888086706e-14,6.448919129698171e-13,2.4035284698582014e-14,1.436316830424756e-13,3.809112573133729e-13,7.36742436030234e-13,8.713926302150818e-13,2.4003570264964544e-13,4.775568462185969e-13,1.3575275901695713e-12,8.25733296162032e-13,-4.935028946293268e-14,-1.8983863964056888e-14,-3.594086628558838e-13,2.139124243224499e-13,2.0426480173535182e-12,-1.2499999998915892,-4.4481154442024377e-13,1.5565833024760183e-13,-2.3018974357963156e-14,-5.962923198292162e-13,-9.07501802698828e-13,-7.985304859913494e-14,-1.0923246161820806e-12,-6.432534413873353e-13,-3.533542027956953e-13,-1.1415984125585002e-12,-5.250862855618776e-13,-1.25453031878645e-12,-8.665313720668477e-13,-6.539226524084439e-13,-6.204740791271252e-13,-1.2441999003580479e-12,-2.0898134529510766,9.54315726616322e-13,-3.4006242158693875e-13,-1.5892115169193909e-12,-6.10752413208519e-13,-4.639509513345518e-13,-9.968458516125589e-13,-9.371053165943384e-13,-0.7836800449156084,-5.879545713855412e-13,-1.4044581828694565e-12,-8.906063000583538e-13,-5.461453454318055e-13,-1.1578188909362862e-12,-8.656053949840815e-13,-5.793524577699282e-13,-1.1576789517128943e-12,-8.11220849404844e-13,-6.22970104968755e-13,-6.228261047475797e-13,-1.0033485733459322e-12,-7.854901198621808e-13,8.44074475647644e-13,2.4719775154194717e-13,4.587940873160869e-13,7.660877611255481e-13,2.7545658640833093e-13,2.9970123792487244e-13,-4.8410499648266395e-14,-1.3792768789293184,9.84254361182689e-14,3.916301344822814e-13,-1.348624152617817e-13,6.063035277027624e-14,4.0625429122753233e-13,1.6627152083120265e-13,1.164850217654336e-13,3.698415556137392e-13,3.5241872678640137e-14,5.826226549854703e-14,3.8147414379475117e-13,2.6300365061617915e-13,1.4710720788950945e-13,2.2356134932171104e-13,-2.37716280306232,1.6875243633253958,7.944593606627265e-13,5.834736232434286e-13,1.0635075545076884e-12,2.3169144566963775e-12,3.991203324298186e-13,8.768052286524664e-13,1.3061334082403675,1.3985500214278534e-12,9.370976738357623e-13,1.3625320714953602e-12,1.563376319980376e-12,8.788866950404313e-13,1.3426619792834772e-12,1.4942443242222103e-12,9.12863404028325e-13,1.0435881140049252e-12,1.3396989260741964e-12,1.484144701623123e-12,1.927017368866586e-12,1.2983432012640854e-12,-3.180060302190316e-13,-1.3273244830655405e-12,-8.700753985698155e-13,1.9835047542986267e-14,-4.069225712656141e-13,-5.962672342721224e-13,-1.2217630241397124e-13,2.648237252012132e-13,-3.0772155501214523e-13,3.4492981027049735e-13,-3.1493007185915113e-13,1.644778934305937e-13,6.523053941332965e-13,1.8096824689868053e-13,7.635502022468669e-13,2.4102591778841264e-13,3.155151506097696e-13,5.797842419354446e-13,9.116814884537918e-13,8.596306945803903e-13,-7.032358678755469e-13,2.056357828866583e-12,-1.250000000019405,-2.462904310441413e-13,9.29584610324097e-13,1.8922029438097272e-13,-1.2972924629539296e-13,-7.22950307212678e-13,-1.084215453004657e-13,-8.674013135070282e-13,-5.428835727444338e-13,-3.4487441613677317e-13,-1.0263141767402833e-12,-5.068040050319822e-13,-1.0375502128400026e-12,-1.1457496293571525e-12,-7.776436506348278e-13,-5.386500067926758e-13,1.440532686332916e-13,-1.685794616286709e-12,-7.79539115512841e-14,3.390532337298721e-13,-3.1137861960885207e-13,6.876427705283564e-13,-1.4694920616126424e-14,-4.019610525966954e-13,-4.954336364809042e-13,-1.9750488921109235e-13,-3.094955578996538e-13,-3.08727970093262e-13,-2.4709625488093004e-13,-1.5887028284108092e-13,-4.002506086607922e-13,-2.4204232809882696e-13,-3.3027156893014096e-13,-3.177532802431503e-13,-3.222384512447469e-13,-3.7826511289701324e-13,-2.9505519347357416e-13,-1.258542192660706e-13,-3.4921964520309723e-13,9.338459334874904e-13,5.87909084359809e-13,8.882904363958012e-14,-1.1578096991642634e-14,9.566927120194915e-16,-5.577767564528002e-13,2.3013890301924793e-14,1.147230681652281e-13,1.593565503623997e-13,8.529662600615377e-14,1.3238063810830769e-13,-1.0657486510509483e-13,1.86651165872971e-14,1.7482107886459489e-13,1.1309884739843806e-13,1.1906479846541396e-13,2.4443651476090358e-14,-3.052719372992001e-14,1.5682685909694862e-13,-1.9537694237001497e-13,-1.472528942399531e-12,1.3819377222788833e-12,2.2358782855651746e-13,-1.9101354892802887e-13,-9.45027604707246e-13,5.085330506609052e-13,-9.674431617822334e-14,-2.1364227293656071e-13,1.8356933800700137e-13,3.0069809854894384e-13,1.9166960409216155e-13,3.2782873002633396e-13,3.830881951885043e-13,2.534903969358029e-13,4.330428146397153e-13,4.720256606319933e-13,2.8580563076653224e-13,4.3219085057872066e-13,1.1889037237924137e-12,3.7675922271374827e-13,1.4586561403799185e-13,-1.0602842427854535e-12,2.460651243260943e-13,-3.9747040047667515e-13,-8.253581047946013e-13,-1.7542074603188471e-12,-4.251619684931351e-13,5.354187042035538e-13,-4.910026449328916e-13,3.734990736816943e-13,-1.2256841316330345e-13,1.533389098420427e-13,6.302573755419576e-13,1.5623174819898752e-13,8.464121070016692e-13,2.0943735461220104e-13,4.88885120405721e-13,2.3431482679806317,8.138397094152957e-13,-2.9797099145386633e-13,-2.7895582926196783e-15,2.530535963373349,-1.2499999999743503,-1.520417629498057e-13,9.717628047098026e-14,6.18916496353901e-14,-1.349161175341975e-13,-5.29668496116102e-13,-1.6490120448079802e-13,-7.687711939085687e-13,-4.282348243147762e-13,-4.710689802785752e-13,-8.145080312998363e-13,-6.719746140467472e-13,-1.867093476339965e-12,8.406466758544451e-13,-2.258335878055977e-13,-2.150656984065934e-13,-1.6128850473251122e-13,-1.996775667535299e-13,-4.3274844237085486e-13,1.1351542105619923e-14,-2.244912886425934e-13,-4.0498641182541873e-13,-1.4799656004564073e-13,-2.1113736435683992e-13,-2.6331939508631e-13,-1.151225844632153e-13,-3.983029031527792e-13,-3.6718423180244863e-13,-3.3305658644332937e-13,-1.8625940393173363e-13,-3.716187559124085e-13,1.0449067265454144,9.040532297430998e-13,1.2178651352168093e-13,-8.303708421434184e-13,-1.2558156722043213e-12,5.959939198782823e-13,-3.47195055527722e-13,6.614456461961994e-13,3.476303278047572e-13,-1.252474410787963e-13,-6.000346577937279e-13,3.7745726342611566e-13,-2.0600773454709802e-13,-1.2980884856138466e-12,1.2048550104840232e-12,-1.388182329513073e-13,-1.6566688554691284e-14,4.2116836869453475e-14,2.920614528473668e-13,-3.4742524664614996e-13,2.9263937926274987e-13,2.1854580482034308e-13,-6.809234990644217e-14,2.48680087949347e-13,3.364083434608928e-13,1.0136217597949074e-13,3.287234176081664e-13,1.2706991033219918e-12,7.817792567767962e-14,2.2695159018855274e-13,4.0388674072831563e-13,4.059839463491389e-13,-3.462489925981993e-13,-2.3755697000293237e-13,-1.700446001536976e-13,3.0355500684588323e-13,6.278216806924185e-13,1.225650094055726e-13,6.364053653295863e-13,3.7346243152105437e-13,5.2640635617241e-13,8.669388822472792e-13,6.81911594435052e-13,8.094382538569243e-13,-8.279793855458357e-13,1.9132877841235462e-12,-1.9279670087812836e-13,-4.733161402188553e-13,-3.608511680234059e-13,-3.9158466732724627e-13,-4.803459684745252e-13,-6.579044660126052e-13,-5.478224073038219e-13,-6.839162143910351e-13,-2.1394765754617007,-5.358503804843251e-13,-3.1934540763705115e-13,-2.083955338593526e-12,-6.642916117146907e-13,5.30387911648008e-13,3.639836913849492e-13,-6.778717214681498e-14,-2.0786726403833262e-13,-2.778348593676537e-13,-4.150150291534799e-13,1.1587174161881157e-13,-2.040260591162831e-13,-5.838534998842959e-13,6.005375154613751e-14,-6.02452263661886e-13,-5.505471131411405e-13,-4.77170307898058e-13,-7.359552802569367e-14,-3.4042818185179435e-13,9.59016490831391e-13,4.04572990378565e-13,2.40458447309624e-13,6.146630945684094e-14,-1.745569444778209e-13,-4.420434557226256e-13,1.589193700520459e-13,-7.096255314805901e-14,2.994781676976633e-13,2.8320744113919913e-13,-2.1847639864364658e-13,-2.810395557050539e-13,-1.582228066703806e-13,1.8976797124436753e-13,-1.3667055707143736e-12,1.3880811869367372e-12,2.222888313519681e-13,7.52924828564398e-14,3.874736314455722e-14,1.5147677780352566e-13,-3.5415900435421554e-13,3.6674473727674683e-13,2.4593440106800236e-13,-1.73082689040887e-13,4.755403805669902e-13,1.511900389357727e-12,-1.0383577626277202e-13,1.0996139281440761e-13,5.794743468224323e-13,-9.274735459204108e-13,3.966887096267755e-13,7.241595572071612e-14,-5.473678768226841e-14,-6.08436610157452e-14,2.7302789231286425e-13,2.836632739816571e-13,2.2273881336910256e-13,6.868099374829468e-13,3.254406413318262e-13,2.1874287526113956e-12,6.618167634793686e-13,1.0213372743707455e-13,-7.590307110105749e-13,4.707811633527807e-13,1.9488968991691578e-12,-4.3110293212258505e-13,-3.7783591587178174e-13,-3.885590399767222e-14,-1.9457850008362822e-13,-3.529273521881329e-13,-6.309526657421467e-13,-5.816728594010378e-13,-1.8666489412468767e-12,3.3678797874726153e-13,-2.8030708675853207e-13,-1.7294514074954963e-13,-3.509891504073232e-13,-5.362420974540475e-13,1.3495341381635477e-13,-1.107869047827177e-12,-3.321065130494087e-13,-5.47365549860911e-13,-2.540526174095842e-13,5.124629068630706e-13,2.561648628093047e-13,1.1093096727066302e-13,-2.8649905250371824e-13,-6.266648539555599e-13,4.2139348479686956e-13,-4.1418851940825475e-13,-1.3137768133574315e-12,1.3832542657704658e-12,3.6815163323328425e-13,1.9090639668012052e-13,1.750810256551674e-13,2.7629522875660694e-13,-4.880358980132909e-13,2.7891352294597653e-13,2.1222936057537345e-12,-2.316070846730794e-13,6.591730724260267e-13,3.527094569640849e-13,2.9668692377592806e-13,1.5955506236673616e-13,1.5687450190964612e-13,6.414541164310227e-13,4.895623487382452e-13,6.637754743316165e-13,7.094017732015707e-13,1.852889201346055e-12,1.331129052934705e-13,-4.240069623633613e-13,-2.343169804422728e-12,-3.028884734369773e-13,1.4234199307062346e-13,6.018962748630442e-14,-1.826832310992252e-12,-4.554477306618074e-13,7.880542024186748e-13,2.2731283222176032e-13,2.184651257452054e-14,-2.215895567222445e-12,-5.245679684740309e-13,-3.016227689037195e-14,-6.817369332950112e-13,1.8551573964036345e-13,-2.694297056052201e-13,1.0212022922753882e-12,2.447746417141787e-13,6.363943465476772e-13,7.811177882960121e-13,-7.372181766087695e-13,-2.5152702013758627e-13,-3.2573990581463126e-13,4.690110657067371e-13,-1.247086079019001e-12,1.3946627174858542e-12,5.3613112662771525e-15,4.4602036801888736e-13,3.23282908494055e-12,-1.5044897266719835e-13,-2.0351463231149634e-13,-1.0479436066047971e-13,7.837362952856943e-13,-9.419593377540198e-13,3.589513466123694e-13,-1.0429387567570254e-13,3.08794518629085e-13,2.9126060726552085e-12,3.797489857084513e-13,-2.0214967556769542e-13,-5.4243352459340825e-14,-8.000099916217062e-13,4.4784996931741565e-13,1.8309951218394654e-12,-1.6450962032769489e-12,8.606159510778735e-13,-7.058492226198854e-13,3.831810927323897e-13,-1.6939349040211051e-13,-1.1443695185011132e-12,1.838543951220413e-12,-3.1943840412729156e-13,7.435004460828518e-13,2.1925060996219736e-13,-8.532301528102236e-13,1.6385600003183642e-12,1.720088273438199e-13,7.332609688665561e-13,-5.943997915337695e-13,-1.2621896194104954e-13,0.6250000000012569,4.362477967122515e-13,-0.3906249999980978,-7.417602602862273e-13,6.762054993132652e-13,2.7225211046945793e-13,-5.806373909441513e-13,-1.3264192524141515e-12,6.635040613830585e-13,1.3871906877425881e-12,-1.5343995456310747e-12,-6.183796501137e-13,-2.1346194278052927e-13,-2.3744360875746063e-14,-2.4127914008339215e-13,-3.7613158202930505e-13,2.9205489017201325e-13,8.492848762644395e-14,-2.0019604280287477e-13,-1.954582348142342e-13,3.5019889573435366e-13,2.2427855945185442e-13,-3.7446375364304104e-13,-3.1348193742184577e-13,-8.370614399040136e-13,-3.804304497013217e-12,3.904793304014737e-12,9.664570226505948e-13,-4.550370347758076e-13,6.574415963939649e-13,0.0,1.875539224149112e-12,1.720088273438199e-13,0.0,2.1130600075562027e-12,5.983081959988139e-13,0.0,2.599300041208419e-12,1.0058886310614572e-12,0.0,2.0327040949317307e-12,4.955074670476161e-13,0.0,1.8663360134001826e-12,7.895520995523673e-14,0.0,1.858655652798275e-12,6.328714633128658e-14,0.0,1.8707551227938265e-12,-1.4737231033070956e-13,0.0,1.8799493043248495e-12,1.8575217338250615e-13,0.0,1.994198828230793e-12,-4.421381883244887e-13,0.0,1.9336391292080654e-12,3.1748548513607186e-13,0.0,1.8563895891415776e-12,2.811263689784735e-14,0.0,2.1301948094014014e-12,-6.213072222505888e-13,0.0,1.857160280044256e-12,4.080570214241106e-14,0.0,2.2060738184908543e-12,-7.014659408835691e-13,0.0,1.9610930641665357e-12,-3.8474482655831285e-13,0.0,1.8663539511400074e-12,-1.2195390174629495e-13,0.0,1.859671025168307e-12,-7.379347628973933e-14,0.0,2.3608974278555643e-12,-8.418916318596406e-13,0.0,2.3883511387472024e-12,-8.625748444787135e-13,0.0,2.2251118678934283e-12,-7.220980346921069e-13,0.0,2.018534727823869e-12,-4.769015004057461e-13,0.0,1.9058349208240298e-12,-2.642382886764314e-13,0.0,1.8904586039402114e-12,2.241683156914982e-13,0.0,1.902517447093458e-12,2.5847005271692686e-13,0.0,4.057746721505905e-12,-1.7724841681466718e-12,0.0,1.856725037220576e-12,-2.9542332373304735e-14,0.0,2.0274141018914814e-12,5.013671852331719e-13,0.0,2.228681677624023e-12,7.332609688665561e-13,0.0,2.35129709046292e-12,-8.257068503464779e-13,1.0,0.8819580078427345,-1.328125000021142,0.0,2.476489441387073e-12,-9.269236463724361e-13,0.0,2.3298110046897012e-12,-8.052223938554518e-13,0.0,1.9458240201916938e-12,-3.5870624698131447e-13,0.0,2.9910670665185226e-12,-1.2642446257694035e-12,0.0,2.6928202708507433e-12,-1.0870447734265731e-12,0.0,2.5062303594826205e-12,-9.532199192143525e-13,0.0,3.521349013724064e-12,-1.5301372423724428e-12,0.0,2.4751076186528386e-12,-9.358341845968433e-13,0.0,2.1168694833292893e-12,-6.09143489788614e-13,0.0,4.213609147649829e-12,-1.8156327420331527e-12,0.0,2.739700437706548e-12,-1.1159805076625379e-12,0.0,2.0920501736525045e-12,-5.788823014253658e-13,0.0,3.617536234503791e-12,-1.570818648016091e-12,0.0,2.6844518416115903e-12,-1.0806714727517971e-12,0.0,2.247528445765919e-12,-7.447394093325198e-13,0.0,2.1288259170759e-12,-6.224305780531841e-13,0.0,3.546520966261744e-12,-1.5386031698028841e-12,0.0,2.5993097797533635e-12,-1.0232391370790387e-12,0.0,3.1766504627939315e-12,-1.3605050077565148e-12,0.0,2.5013329695165728e-12,-9.533047153074198e-13,0.0,2.4314255574288826e-12,-9.007775632390799e-13,0.0,2.2092546043598165e-12,-7.065681065673293e-13,0.0,2.8632115207974733e-12,1.1919086358857317e-12,0.0,2.0668274976449487e-12,5.434882584482945e-13,1.0,0.8819580078541729,-1.3281250000304319,0.0,2.6711860221874698e-12,1.0698640386924644e-12,0.0,3.137964234460973e-12,1.3526614139411526e-12,0.0,2.0987387876227734e-12,-5.943997915337695e-13,0.0,2.218428317469677e-12,7.243697061244622e-13,1.0,1.0444326236592458,1.4452907137740199,0.0,1.863768757948778e-12,-9.377923039403985e-14,0.0,2.610673664022665e-12,-1.0170761072199891e-12,0.0,1.9195813347724072e-12,-3.0705107358859486e-13,0.0,1.856920358527088e-12,1.9869192003419682e-14,0.0,1.880910071436953e-12,1.8838792068502062e-13,0.0,1.8647427600468977e-12,1.1535111585500485e-13,0.0,1.861897568748728e-12,-8.407708865066927e-14,0.0,1.993871165886348e-12,4.3279784051320753e-13,0.0,1.8771429437753495e-12,1.6206453252908894e-13,0.0,1.8626120573675162e-12,-9.194022348195221e-14,0.0,1.9920364873276666e-12,4.307662979801299e-13,0.0,1.8716983954230025e-12,-1.434007852294123e-13,0.0,1.8568047790724786e-12,-2.5793056002213716e-14,0.0,1.9668987368287475e-12,3.887047450756927e-13,0.0,1.9504251473400475e-12,3.585413227299139e-13,0.0,1.859355125507947e-12,-6.501181442731417e-14,0.0,1.9709881784198995e-12,3.968436653029342e-13,0.0,1.8613951648812447e-12,-8.417955829715487e-14,0.0,1.8566519963244727e-12,2.5977071907905015e-14,0.0,1.9011686214685435e-12,2.484507878293819e-13,0.0,1.919674210177762e-12,2.958705252651891e-13,0.0,1.908600241335587e-12,2.781223467432438e-13,0.0,1.9378788330030915e-12,-3.46930538110792e-13,0.0,3.137148952356534e-12,-1.3591888317137942e-12,0.0,1.9162804813319794e-12,-2.963730565067954e-13,1.0,1.0444326238160833,1.4452907138846973,0.0,1.866269520743451e-12,-1.2621896194104954e-13,0.0,2.1241667034435415e-12,6.176678688855457e-13,0.0,2.390519110947296e-12,8.651689529826797e-13,0.0,2.2641467740510602e-12,7.50930438904966e-13,1.0,0.3051757813086198,0.7812500000426259,0.0,3.5113563089774538e-12,1.5155690615122474e-12,0.0,2.3513394734623727e-12,8.34572836993976e-13,0.0,2.945890892875274e-12,1.2347423161058024e-12,0.0,3.3279078172373365e-12,1.4249973614180417e-12,0.0,2.3244079187081656e-12,8.110997408258069e-13,0.0,2.622610988665239e-12,1.0406649905491806e-12,0.0,4.036577296672092e-12,1.7415117830165237e-12,0.0,2.0057178154911417e-12,4.621519518409133e-13,0.0,3.113798625089236e-12,1.3252771655370204e-12,0.0,4.170400351095485e-12,1.7954981532585362e-12,0.0,2.2640030417693835e-12,7.5637823185932e-13,0.0,2.5696956785992246e-12,9.98304560579856e-13,0.0,3.1115761735505095e-12,1.3230695480365354e-12,0.0,3.924326394080923e-12,1.6966958680806248e-12,0.0,3.1353077276008354e-12,1.3350859297865541e-12,0.0,3.868375748104788e-12,1.673833477144169e-12,0.0,2.3792870722333417e-12,8.55206159033923e-13,0.0,2.7236770214375567e-12,1.0996031576912018e-12,0.0,4.308457512429906e-12,1.8466813155881996e-12,0.0,3.42455752566989e-12,1.4783715290780723e-12,0.0,1.9880876791278955e-12,-4.3077998869487966e-13,0.0,3.244036149531932e-12,-1.3932698567997165e-12,0.0,3.1760147976542804e-12,-1.372757836884196e-12,0.0,2.8714927281780363e-12,-1.1943710766737046e-12,1.0,0.30517578127254597,0.7812500000279992,0.0,1.8612229831700966e-12,6.490715735115508e-14,0.0,1.862205664575915e-12,-6.631967844957656e-14,0.0,2.193272328761466e-12,-6.912381256021676e-13,0.0,3.72162452661321e-12,-1.6103524072701242e-12,0.0,1.8871803296375172e-12,2.0583124125080717e-13,0.0,1.9362473260481174e-12,-3.3749943145097975e-13,0.0,1.861688919145125e-12,9.291246566447286e-14,0.0,1.856490608276308e-12,-3.3291608219335527e-14,0.0,2.0180036613792864e-12,-4.618337284078929e-13,0.0,1.9836582050370697e-12,4.2372583990221184e-13,0.0,1.861304272534542e-12,-8.533058888086706e-14,0.0,2.154066193533016e-12,6.448919129698171e-13,0.0,1.8562434985666456e-12,2.4035284698582014e-14,0.0,1.870618730848844e-12,1.436316830424756e-13,0.0,1.959761150502722e-12,3.809112573133729e-13,0.0,2.245385946687017e-12,7.36742436030234e-13,0.0,2.401516439217232e-12,8.713926302150818e-13,0.0,1.897255233524826e-12,2.4003570264964544e-13,0.0,2.020065678535917e-12,4.775568462185969e-13,0.0,3.1772527460234496e-12,1.3575275901695713e-12,0.0,2.3456911973980397e-12,8.25733296162032e-13,0.0,1.8576337127189215e-12,-4.935028946293268e-14,0.0,1.8561720210968486e-12,-1.8983863964056888e-14,0.0,1.9429738696913313e-12,-3.594086628558838e-13,0.0,1.8921377789695573e-12,2.139124243224499e-13,0.0,4.801316535857456e-12,2.0426480173535182e-12,1.0,0.19531250000867414,0.6250000000012569,1.0,0.781249999849004,-1.2499999998915892,0.0,1.998735734700282e-12,-4.4481154442024377e-13,0.0,1.87415092143479e-12,1.5565833024760183e-13,0.0,1.8626066501022505e-12,-2.3018974357963156e-14,0.0,2.1467491546456978e-12,-5.962923198292162e-13,0.0,2.4450413241059044e-12,-9.07501802698828e-13,0.0,1.861233861932221e-12,-7.985304859913494e-14,0.0,2.709180772820027e-12,-1.0923246161820806e-12,0.0,2.1539336034666097e-12,-6.432534413873353e-13,0.0,1.9479904121858793e-12,-3.533542027956953e-13,0.0,2.787950194386085e-12,-1.1415984125585002e-12,0.0,2.053950569548578e-12,-5.250862855618776e-13,0.0,2.9814914539072935e-12,-1.25453031878645e-12,0.0,2.3944658367302757e-12,-8.665313720668477e-13,0.0,2.1630819814016457e-12,-6.539226524084439e-13,0.0,2.1339797376842125e-12,-6.204740791271252e-13,0.0,2.9662498413429132e-12,-1.2441999003580479e-12,1.0,2.183660134114182,-2.0898134529510766,0.0,2.4854293768420944e-12,9.54315726616322e-13,0.0,2.031945137639994e-12,4.362477967122515e-13,0.0,1.940987620971914e-12,-3.4006242158693875e-13,0.0,3.677106136713164e-12,-1.5892115169193909e-12,0.0,2.1379784345863553e-12,-6.10752413208519e-13,0.0,2.0284549893595496e-12,-4.639509513345518e-13,0.0,2.617971748639937e-12,-9.968458516125589e-13,0.0,2.4889204866018545e-12,-9.371053165943384e-13,1.0,0.30707720641582564,-0.7836800449156084,0.0,2.110508301385884e-12,-5.879545713855412e-13,0.0,3.2859979922816427e-12,-1.4044581828694565e-12,0.0,2.433361928235342e-12,-8.906063000583538e-13,0.0,2.0747473402225336e-12,-5.461453454318055e-13,0.0,2.8251180464430867e-12,-1.1578188909362862e-12,0.0,2.3992124184072974e-12,-8.656053949840815e-13,0.0,2.1012667025073514e-12,-5.793524577699282e-13,0.0,2.8247634456960546e-12,-1.1576789517128943e-12,0.0,2.3331912987047014e-12,-8.11220849404844e-13,0.0,2.1381621350459626e-12,-6.22970104968755e-13,0.0,2.1392392443509995e-12,-6.228261047475797e-13,0.0,2.5838532757028394e-12,-1.0033485733459322e-12,0.0,2.3004792718625636e-12,-7.854901198621808e-13,0.0,2.379483740564022e-12,8.44074475647644e-13,0.0,1.900803567143267e-12,2.4719775154194717e-13,0.0,2.0116593935806325e-12,4.587940873160869e-13,1.0,0.07629394530213646,-0.3906249999980978,0.0,2.2737524095946358e-12,7.660877611255481e-13,0.0,1.9106544425707297e-12,2.7545658640833093e-13,0.0,1.9257305676736274e-12,2.9970123792487244e-13,0.0,1.8619096196886126e-12,-4.8410499648266395e-14,1.0,0.9512023543733856,-1.3792768789293184,0.0,1.86241024873189e-12,9.84254361182689e-14,0.0,1.9790684655840148e-12,3.916301344822814e-13,0.0,1.87486284116026e-12,-1.348624152617817e-13,0.0,1.8583909070067067e-12,6.063035277027624e-14,0.0,1.983310688076213e-12,4.0625429122753233e-13,0.0,1.8815391382388593e-12,1.6627152083120265e-13,0.0,1.86605830127044e-12,1.164850217654336e-13,0.0,1.960885541549894e-12,3.698415556137392e-13,0.0,1.8566191281421527e-12,3.5241872678640137e-14,0.0,1.858935965179043e-12,5.826226549854703e-14,0.0,1.965635780479443e-12,3.8147414379475117e-13,0.0,1.9095643925488297e-12,2.6300365061617915e-13,0.0,1.8721768158834203e-12,1.4710720788950945e-13,0.0,1.8945578335078546e-12,2.2356134932171104e-13,1.0,2.8254514959332715,-2.37716280306232,1.0,1.4238692384070986,1.6875243633253958,0.0,2.2527591618708852e-12,-7.417602602862273e-13,0.0,2.3091787121056474e-12,7.944593606627265e-13,0.0,2.1038823353932807e-12,5.834736232434286e-13,0.0,2.672897724457769e-12,1.0635075545076884e-12,0.0,5.724239351593305e-12,2.3169144566963775e-12,0.0,1.9825152842627233e-12,3.991203324298186e-13,0.0,2.4094903908832203e-12,8.768052286524664e-13,1.0,0.8529922400706911,1.3061334082403675,0.0,3.292670297820549e-12,1.3985500214278534e-12,0.0,2.4893208708862424e-12,9.370976738357623e-13,0.0,3.1984537011750667e-12,1.3625320714953602e-12,0.0,3.6336476795783436e-12,1.563376319980376e-12,0.0,2.412621516820207e-12,8.788866950404313e-13,0.0,3.1616981931860536e-12,1.3426619792834772e-12,0.0,3.47961306611475e-12,1.4942443242222103e-12,0.0,2.4565410512167182e-12,9.12863404028325e-13,0.0,2.645673436661047e-12,1.0435881140049252e-12,0.0,3.1564720725031648e-12,1.3396989260741964e-12,0.0,3.454632322063486e-12,1.484144701623123e-12,0.0,4.540826501797822e-12,1.927017368866586e-12,0.0,3.0790769091324497e-12,1.2983432012640854e-12,0.0,1.93561526700516e-12,-3.180060302190316e-13,0.0,3.1296209663079917e-12,-1.3273244830655405e-12,0.0,2.408264141021735e-12,-8.700753985698155e-13,0.0,1.8571490225789605e-12,1.9835047542986267e-14,0.0,1.976143697661681e-12,-4.069225712656141e-13,0.0,2.113979998158962e-12,-5.962672342721224e-13,0.0,1.8690213698684417e-12,-1.2217630241397124e-13,0.0,1.9311398452956636e-12,2.648237252012132e-13,0.0,1.927158782381487e-12,-3.0772155501214523e-13,0.0,1.939104908734585e-12,3.4492981027049735e-13,0.0,1.9403571042871385e-12,-3.1493007185915113e-13,0.0,1.8748015340022592e-12,1.644778934305937e-13,0.0,2.158748880026979e-12,6.523053941332965e-13,0.0,1.8789259402549513e-12,1.8096824689868053e-13,0.0,2.272161372605579e-12,7.635502022468669e-13,0.0,1.8968016384327385e-12,2.4102591778841264e-13,0.0,1.926635473568073e-12,3.155151506097696e-13,0.0,2.0956002331524298e-12,5.797842419354446e-13,0.0,2.451136365052543e-12,9.116814884537918e-13,0.0,2.3851676006238528e-12,8.596306945803903e-13,0.0,2.1937703139171276e-12,-7.032358678755469e-13,0.0,4.834184289510917e-12,2.056357828866583e-12,0.0,2.180589680702947e-12,6.762054993132652e-13,1.0,0.7812500000315769,-1.250000000019405,0.0,1.8989564839455494e-12,-2.462904310441413e-13,0.0,2.4989657923846617e-12,9.29584610324097e-13,0.0,1.8813144396549932e-12,1.8922029438097272e-13,0.0,1.8684135313493933e-12,-1.2972924629539296e-13,0.0,2.2298442033992257e-12,-7.22950307212678e-13,0.0,1.8643928498478564e-12,-1.084215453004657e-13,0.0,2.3948644973396283e-12,-8.674013135070282e-13,0.0,2.0674851027218577e-12,-5.428835727444338e-13,0.0,1.9416307454681288e-12,-3.4487441613677317e-13,0.0,2.6103470970109154e-12,-1.0263141767402833e-12,0.0,2.0407446531321484e-12,-5.068040050319822e-13,0.0,2.6300794547037247e-12,-1.0375502128400026e-12,0.0,2.7889947621056325e-12,-1.1457496293571525e-12,0.0,2.2914634710160518e-12,-7.776436506348278e-13,0.0,2.065187948934139e-12,-5.386500067926758e-13,0.0,1.87047780663888e-12,1.440532686332916e-13,0.0,3.836076249853324e-12,-1.685794616286709e-12,0.0,1.860007932895745e-12,-7.79539115512841e-14,0.0,1.9085023936228914e-12,2.7225211046945793e-13,0.0,1.9369093729990975e-12,3.390532337298721e-13,0.0,1.927740324936227e-12,-3.1137861960885207e-13,0.0,2.211100205837278e-12,6.876427705283564e-13,0.0,1.85597698684199e-12,-1.4694920616126424e-14,0.0,1.97257618580166e-12,-4.019610525966954e-13,0.0,2.0442248922411133e-12,-4.954336364809042e-13,0.0,1.884926710223352e-12,-1.9750488921109235e-13,0.0,1.9257131643560403e-12,-3.094955578996538e-13,0.0,1.92614690221575e-12,-3.08727970093262e-13,0.0,1.900419066371806e-12,-2.4709625488093004e-13,0.0,1.8742312508805912e-12,-1.5887028284108092e-13,0.0,1.9731457896574715e-12,-4.002506086607922e-13,0.0,1.898735711064775e-12,-2.4204232809882696e-13,0.0,1.935407823348174e-12,-3.3027156893014096e-13,0.0,1.929793858829647e-12,-3.177532802431503e-13,0.0,1.9319258286735215e-12,-3.222384512447469e-13,0.0,1.9598694478503877e-12,-3.7826511289701324e-13,0.0,1.919456394768946e-12,-2.9505519347357416e-13,0.0,1.8667329934766475e-12,-1.258542192660706e-13,0.0,1.941209812041906e-12,-3.4921964520309723e-13,0.0,2.456682697759763e-12,9.338459334874904e-13,0.0,2.102224298221171e-12,-5.806373909441513e-13,0.0,2.103888574520069e-12,5.87909084359809e-13,0.0,1.8614471877887134e-12,8.882904363958012e-14,0.0,1.8557602227462587e-12,-1.1578096991642634e-14,0.0,1.8562837968706077e-12,9.566927120194915e-16,0.0,2.0779345467316644e-12,-5.577767564528002e-13,0.0,1.856211810714358e-12,2.3013890301924793e-14,0.0,1.865971231006251e-12,1.147230681652281e-13,0.0,1.8739106421757216e-12,1.593565503623997e-13,0.0,1.8611793461828983e-12,8.529662600615377e-14,0.0,1.8692278013876056e-12,1.3238063810830769e-13,0.0,1.8637301871014394e-12,-1.0657486510509483e-13,0.0,1.8562012262050063e-12,1.86651165872971e-14,0.0,1.8784455805679924e-12,1.7482107886459489e-13,0.0,1.8650604199271004e-12,1.1309884739843806e-13,0.0,1.8662544634670866e-12,1.1906479846541396e-13,0.0,1.856340455462021e-12,2.4443651476090358e-14,0.0,1.8564496579293308e-12,-3.052719372992001e-14,0.0,1.8735511527506907e-12,1.5682685909694862e-13,0.0,1.883209240219318e-12,-1.9537694237001497e-13,0.0,3.361195440451224e-12,-1.472528942399531e-12,0.0,3.1801255671341788e-12,1.3819377222788833e-12,0.0,3.205252466078847e-12,-1.3264192524141515e-12,0.0,1.891843944019207e-12,2.2358782855651746e-13,0.0,1.8839955151239557e-12,-1.9101354892802887e-13,0.0,2.5278631075493227e-12,-9.45027604707246e-13,0.0,2.050793216750095e-12,5.085330506609052e-13,0.0,1.864374800676912e-12,-9.674431617822334e-14,0.0,1.90087797600333e-12,-2.1364227293656071e-13,0.0,1.8810624158957826e-12,1.8356933800700137e-13,0.0,1.9247686913182097e-12,3.0069809854894384e-13,0.0,1.883014924149632e-12,1.9166960409216155e-13,0.0,1.935562707333168e-12,3.2782873002633396e-13,0.0,1.965801005964276e-12,3.830881951885043e-13,0.0,1.902381499589108e-12,2.534903969358029e-13,0.0,1.9941030288570562e-12,4.330428146397153e-13,0.0,2.019996353091101e-12,4.720256606319933e-13,0.0,1.9157304085215313e-12,2.8580563076653224e-13,0.0,1.9929501544804367e-12,4.3219085057872066e-13,0.0,2.8818873709246488e-12,1.1889037237924137e-12,0.0,1.960513185801327e-12,3.7675922271374827e-13,0.0,1.8704417112424185e-12,1.4586561403799185e-13,0.0,2.6319191278499533e-12,-1.0602842427854535e-12,0.0,1.898893520535231e-12,2.460651243260943e-13,0.0,1.997855024909722e-12,-3.9747040047667515e-13,0.0,2.403253512889437e-12,-8.253581047946013e-13,0.0,4.263087558480802e-12,-1.7542074603188471e-12,0.0,2.0691414595753295e-12,-4.251619684931351e-13,0.0,2.0670326156663652e-12,5.354187042035538e-13,0.0,2.074198728369714e-12,-4.910026449328916e-13,0.0,1.9698001210062654e-12,3.734990736816943e-13,0.0,1.8879610597379278e-12,-1.2256841316330345e-13,0.0,1.8888177843453027e-12,1.533389098420427e-13,0.0,2.1406445593174802e-12,6.302573755419576e-13,0.0,1.8847733289487762e-12,1.5623174819898752e-13,0.0,2.3638608154477034e-12,8.464121070016692e-13,0.0,1.895265442094367e-12,2.0943735461220104e-13,0.0,2.02949048395634e-12,4.88885120405721e-13,1.0,2.7451719030774235,2.3431482679806317,0.0,2.3260524683000107e-12,8.138397094152957e-13,0.0,1.9216426705497923e-12,-2.9797099145386633e-13,0.0,1.8567778282976367e-12,-2.7895582926196783e-15,1.0,3.201806130899048,2.530535963373349,0.0,2.1787520257345785e-12,6.635040613830585e-13,1.0,0.7812499999674863,-1.2499999999743503,0.0,1.872336187544022e-12,-1.520417629498057e-13,0.0,1.8626551636554575e-12,9.717628047098026e-14,0.0,1.8585100306281405e-12,6.18916496353901e-14,0.0,1.8688194877732307e-12,-1.349161175341975e-13,0.0,2.055668755389734e-12,-5.29668496116102e-13,0.0,1.8750515491701317e-12,-1.6490120448079802e-13,0.0,2.2779856464782858e-12,-7.687711939085687e-13,0.0,1.9872769345952626e-12,-4.282348243147762e-13,0.0,2.01528021805682e-12,-4.710689802785752e-13,0.0,2.332873421922493e-12,-8.145080312998363e-13,0.0,2.180596685272414e-12,-6.719746140467472e-13,0.0,4.298054152165804e-12,-1.867093476339965e-12,0.0,2.3427306097603976e-12,8.406466758544451e-13,0.0,3.295262933297897e-12,1.3871906877425881e-12,0.0,1.9065931568329913e-12,-2.258335878055977e-13,0.0,1.8888788818908678e-12,-2.150656984065934e-13,0.0,1.8755064437143994e-12,-1.6128850473251122e-13,0.0,1.8856003096691357e-12,-1.996775667535299e-13,0.0,1.9927954508226016e-12,-4.3274844237085486e-13,0.0,1.8559144172343315e-12,1.1351542105619923e-14,0.0,1.8923113531019483e-12,-2.244912886425934e-13,0.0,1.9749253867757675e-12,-4.0498641182541873e-13,0.0,1.8717151560351316e-12,-1.4799656004564073e-13,0.0,1.888184104800765e-12,-2.1113736435683992e-13,0.0,1.906234858934959e-12,-2.6331939508631e-13,0.0,1.865368607221784e-12,-1.151225844632153e-13,0.0,1.9702906398444314e-12,-3.983029031527792e-13,0.0,1.953941962188771e-12,-3.6718423180244863e-13,0.0,1.934665348478811e-12,-3.3305658644332937e-13,0.0,1.8809797978071117e-12,-1.8625940393173363e-13,0.0,1.9536143174021763e-12,-3.716187559124085e-13,0.0,3.618678481988397e-12,-1.5343995456310747e-12,1.0,0.5459150336035825,1.0449067265454144,0.0,2.468312783867577e-12,9.040532297430998e-13,0.0,1.8666925347437016e-12,1.2178651352168093e-13,0.0,2.372898802256087e-12,-8.303708421434184e-13,0.0,3.0252724391841154e-12,-1.2558156722043213e-12,0.0,2.1224290155158283e-12,5.959939198782823e-13,0.0,1.9449798591419056e-12,-3.47195055527722e-13,0.0,2.179117041163899e-12,6.614456461961994e-13,0.0,1.9483037210280566e-12,3.476303278047572e-13,0.0,1.8673467742489683e-12,-1.252474410787963e-13,0.0,2.12216862776211e-12,-6.000346577937279e-13,0.0,1.961983425266896e-12,3.7745726342611566e-13,0.0,1.8866593188391273e-12,-2.0600773454709802e-13,0.0,3.0237725112442392e-12,-1.2980884856138466e-12,0.0,2.857006370139571e-12,1.2048550104840232e-12,0.0,2.1341619657628513e-12,-6.183796501137e-13,0.0,1.8817102560210766e-12,-1.388182329513073e-13,0.0,1.8562877518934712e-12,-1.6566688554691284e-14,0.0,1.8571611472084536e-12,4.2116836869453475e-14,0.0,1.9179914035484635e-12,2.920614528473668e-13,0.0,1.944029378933394e-12,-3.4742524664614996e-13,0.0,1.917704692506165e-12,2.9263937926274987e-13,0.0,1.8905646973608922e-12,2.1854580482034308e-13,0.0,1.8591954616279386e-12,-6.809234990644217e-14,0.0,1.9010651511509626e-12,2.48680087949347e-13,0.0,1.9380644311300122e-12,3.364083434608928e-13,0.0,1.863173092393762e-12,1.0136217597949074e-13,0.0,1.934303794391107e-12,3.287234176081664e-13,0.0,3.018385901186783e-12,1.2706991033219918e-12,0.0,1.860185905067647e-12,7.817792567767962e-14,0.0,1.8937215839342048e-12,2.2695159018855274e-13,0.0,1.9728574001432697e-12,4.0388674072831563e-13,0.0,1.9780015511308015e-12,4.059839463491389e-13,0.0,1.9577688564454485e-12,-3.462489925981993e-13,0.0,1.898131388150753e-12,-2.3755697000293237e-13,0.0,1.877192538038428e-12,-1.700446001536976e-13,0.0,1.921757212534469e-12,3.0355500684588323e-13,0.0,2.1363518165338134e-12,6.278216806924185e-13,0.0,1.8663884381763304e-12,1.225650094055726e-13,0.0,2.1464339587049354e-12,6.364053653295863e-13,0.0,1.9550150580153937e-12,3.7346243152105437e-13,0.0,2.0548369721287988e-12,5.2640635617241e-13,0.0,2.396856693388914e-12,8.669388822472792e-13,0.0,2.190936708397508e-12,6.81911594435052e-13,0.0,2.3273931314585063e-12,8.094382538569243e-13,0.0,2.3259324226701454e-12,-8.279793855458357e-13,0.0,4.434549717896524e-12,1.9132877841235462e-12,0.0,1.9186598572271773e-12,-2.1346194278052927e-13,0.0,1.881224079125819e-12,-1.9279670087812836e-13,0.0,2.0325421326474392e-12,-4.733161402188553e-13,0.0,1.9672661543213367e-12,-3.608511680234059e-13,0.0,1.982452160214542e-12,-3.9158466732724627e-13,0.0,2.0377221416992635e-12,-4.803459684745252e-13,0.0,2.1724558253535485e-12,-6.579044660126052e-13,0.0,2.0873610372814627e-12,-5.478224073038219e-13,0.0,2.1976713653715808e-12,-6.839162143910351e-13,1.0,2.2886800085581798,-2.1394765754617007,0.0,2.073912761389438e-12,-5.358503804843251e-13,0.0,1.9340308938672e-12,-3.1934540763705115e-13,0.0,4.9163419998466105e-12,-2.083955338593526e-12,0.0,2.1736641349905124e-12,-6.642916117146907e-13,0.0,2.046464060064772e-12,5.30387911648008e-13,0.0,1.8572241574018957e-12,-2.3744360875746063e-14,0.0,1.9520424737755223e-12,3.639836913849492e-13,0.0,1.859061700078365e-12,-6.778717214681498e-14,0.0,1.88777592105784e-12,-2.0786726403833262e-13,0.0,1.9125447382533266e-12,-2.778348593676537e-13,0.0,1.9815127908188006e-12,-4.150150291534799e-13,0.0,1.8653463255378114e-12,1.1587174161881157e-13,0.0,1.8864062456601905e-12,-2.040260591162831e-13,0.0,2.10427566637521e-12,-5.838534998842959e-13,0.0,1.858401955055431e-12,6.005375154613751e-14,0.0,2.1136948854376134e-12,-6.02452263661886e-13,0.0,2.0760755330889197e-12,-5.505471131411405e-13,0.0,2.0182279197579343e-12,-4.77170307898058e-13,0.0,1.859776763845322e-12,-7.359552802569367e-14,0.0,1.9378214630645596e-12,-3.4042818185179435e-13,0.0,2.4899306248428115e-12,9.59016490831391e-13,0.0,1.8982933113901893e-12,-2.4127914008339215e-13,0.0,1.9736269520774243e-12,4.04572990378565e-13,0.0,1.8974909071378893e-12,2.40458447309624e-13,0.0,1.858860926630479e-12,6.146630945684094e-14,0.0,1.877412207452292e-12,-1.745569444778209e-13,0.0,1.9960713474963044e-12,-4.420434557226256e-13,0.0,1.874635593036835e-12,1.589193700520459e-13,0.0,1.859398363893207e-12,-7.096255314805901e-14,0.0,1.9208896309171675e-12,2.994781676976633e-13,0.0,1.9143208011264337e-12,2.8320744113919913e-13,0.0,1.8900026353652206e-12,-2.1847639864364658e-13,0.0,1.9128110474515906e-12,-2.810395557050539e-13,0.0,1.8736366400749944e-12,-1.582228066703806e-13,0.0,1.881612092451534e-12,1.8976797124436753e-13,0.0,3.154345053192166e-12,-1.3667055707143736e-12,0.0,3.1997784078005093e-12,1.3880811869367372e-12,0.0,1.957453207254588e-12,-3.7613158202930505e-13,0.0,1.891109629456109e-12,2.222888313519681e-13,0.0,1.8599956005903974e-12,7.52924828564398e-14,0.0,1.8569888421271723e-12,3.874736314455722e-14,0.0,1.872479311489356e-12,1.5147677780352566e-13,0.0,1.945816301124762e-12,-3.5415900435421554e-13,0.0,1.9516713217389607e-12,3.6674473727674683e-13,0.0,1.899411039898829e-12,2.4593440106800236e-13,0.0,1.8777739006683193e-12,-1.73082689040887e-13,0.0,2.0192762216454063e-12,4.755403805669902e-13,0.0,3.4927908466475204e-12,1.511900389357727e-12,0.0,1.863867964445488e-12,-1.0383577626277202e-13,0.0,1.8649361753119575e-12,1.0996139281440761e-13,0.0,2.097874047826543e-12,5.794743468224323e-13,0.0,2.447045475536204e-12,-9.274735459204108e-13,0.0,1.972626882386759e-12,3.966887096267755e-13,0.0,1.8595523843733e-12,7.241595572071612e-14,0.0,1.8581700737139627e-12,-5.473678768226841e-14,0.0,1.8584938856662633e-12,-6.08436610157452e-14,0.0,1.910004118891618e-12,2.7302789231286425e-13,0.0,1.9143797982043113e-12,2.836632739816571e-13,0.0,1.891618033596713e-12,2.2273881336910256e-13,0.0,2.1982091783551206e-12,6.868099374829468e-13,0.0,1.93283101731552e-12,3.254406413318262e-13,0.0,5.2693351406598035e-12,2.1874287526113956e-12,0.0,2.1733107873025835e-12,6.618167634793686e-13,0.0,1.863464476534422e-12,1.0213372743707455e-13,0.0,2.249901240233732e-12,-7.590307110105749e-13,0.0,2.017623937777981e-12,4.707811633527807e-13,0.0,4.534837857441454e-12,1.9488968991691578e-12,0.0,1.91908974450177e-12,2.9205489017201325e-13,0.0,1.989113367953301e-12,-4.3110293212258505e-13,0.0,1.9564516734833756e-12,-3.7783591587178174e-13,0.0,1.8569056595313788e-12,-3.885590399767222e-14,0.0,1.8831747395611534e-12,-1.9457850008362822e-13,0.0,1.945594567626535e-12,-3.529273521881329e-13,0.0,2.142356022432581e-12,-6.309526657421467e-13,0.0,2.0999587347769702e-12,-5.816728594010378e-13,0.0,4.3078964759219144e-12,-1.8666489412468767e-12,0.0,1.860900473324977e-12,8.492848762644395e-14,0.0,1.9366136246997026e-12,3.3678797874726153e-13,0.0,1.9116748004311655e-12,-2.8030708675853207e-13,0.0,1.8782450053533553e-12,-1.7294514074954963e-13,0.0,1.94646089073991e-12,-3.509891504073232e-13,0.0,2.0652099981164874e-12,-5.362420974540475e-13,0.0,1.868897331037887e-12,1.3495341381635477e-13,0.0,2.7218920517005975e-12,-1.107869047827177e-12,0.0,1.9365391943652777e-12,-3.321065130494087e-13,0.0,2.0697556816347945e-12,-5.47365549860911e-13,0.0,1.9014107268754786e-12,-2.540526174095842e-13,0.0,1.884836757507076e-12,-2.0019604280287477e-13,0.0,2.04369947375567e-12,5.124629068630706e-13,0.0,1.9034796117475937e-12,2.561648628093047e-13,0.0,1.8648780461803224e-12,1.1093096727066302e-13,0.0,1.915549857453311e-12,-2.8649905250371824e-13,0.0,2.1402768721954967e-12,-6.266648539555599e-13,0.0,1.9846336100630793e-12,4.2139348479686956e-13,0.0,1.9800421620561107e-12,-4.1418851940825475e-13,0.0,3.055954754248023e-12,-1.3137768133574315e-12,0.0,3.193936573674637e-12,1.3832542657704658e-12,0.0,1.88330217700436e-12,-1.954582348142342e-13,0.0,1.9526075504975038e-12,3.6815163323328425e-13,0.0,1.8820440160079314e-12,1.9090639668012052e-13,0.0,1.8780739403343882e-12,1.750810256551674e-13,0.0,1.9107707239622154e-12,2.7629522875660694e-13,0.0,2.0293536075395777e-12,-4.880358980132909e-13,0.0,1.9124786971903074e-12,2.7891352294597653e-13,0.0,5.0682941132570184e-12,2.1222936057537345e-12,0.0,1.895392229240473e-12,-2.316070846730794e-13,0.0,2.1690843133753275e-12,6.591730724260267e-13,0.0,1.9486421121072504e-12,3.527094569640849e-13,0.0,1.9186536439372675e-12,2.9668692377592806e-13,0.0,1.8740934334023384e-12,1.5955506236673616e-13,0.0,1.874028360567162e-12,1.5687450190964612e-13,0.0,2.155432548058603e-12,6.414541164310227e-13,0.0,2.0278149871217116e-12,4.895623487382452e-13,0.0,2.1757849608861426e-12,6.637754743316165e-13,0.0,2.220615599136823e-12,7.094017732015707e-13,0.0,4.2788960655790676e-12,1.852889201346055e-12,0.0,1.943760071029937e-12,3.5019889573435366e-13,0.0,1.868301655677237e-12,1.331129052934705e-13,0.0,1.9875696697907416e-12,-4.240069623633613e-13,0.0,5.723558628031469e-12,-2.343169804422728e-12,0.0,1.923247397708971e-12,-3.028884734369773e-13,0.0,1.8700249309637914e-12,1.4234199307062346e-13,0.0,1.8583674363665392e-12,6.018962748630442e-14,0.0,4.2057421017252574e-12,-1.826832310992252e-12,0.0,2.003615720523994e-12,-4.554477306618074e-13,0.0,2.282984444166636e-12,7.880542024186748e-13,0.0,1.8910674284525433e-12,2.2427855945185442e-13,0.0,1.893346058380648e-12,2.2731283222176032e-13,0.0,1.8562403281142344e-12,2.184651257452054e-14,0.0,5.319916006382908e-12,-2.215895567222445e-12,0.0,2.0573477022768964e-12,-5.245679684740309e-13,0.0,1.8565356265460716e-12,-3.016227689037195e-14,0.0,2.1878424619775667e-12,-6.817369332950112e-13,0.0,1.8809003344226324e-12,1.8551573964036345e-13,0.0,1.9070210043162133e-12,-2.694297056052201e-13,0.0,2.5805581397061155e-12,1.0212022922753882e-12,0.0,1.957380652055692e-12,-3.7446375364304104e-13,0.0,1.899565584837451e-12,2.447746417141787e-13,0.0,2.1492896135605213e-12,6.363943465476772e-13,0.0,2.3190019905118212e-12,7.811177882960121e-13,0.0,2.2485912821033935e-12,-7.372181766087695e-13,0.0,1.9014357863721e-12,-2.5152702013758627e-13,0.0,1.931686510488557e-12,-3.2573990581463126e-13,0.0,2.014464506191756e-12,4.690110657067371e-13,0.0,2.9374983682148966e-12,-1.247086079019001e-12,0.0,3.2190027348624384e-12,1.3946627174858542e-12,0.0,1.92600477292088e-12,-3.1348193742184577e-13,0.0,1.8558577539524536e-12,5.3613112662771525e-15,0.0,1.9998747436947043e-12,4.4602036801888736e-13,0.0,9.256715290109551e-12,3.23282908494055e-12,0.0,1.8723777853858428e-12,-1.5044897266719835e-13,0.0,1.8858921500519894e-12,-2.0351463231149634e-13,0.0,1.8636122539257508e-12,-1.0479436066047971e-13,0.0,2.2988342022812444e-12,7.837362952856943e-13,0.0,2.4673968513536043e-12,-9.419593377540198e-13,0.0,1.9514889986818813e-12,3.589513466123694e-13,0.0,1.863425539662095e-12,-1.0429387567570254e-13,0.0,1.9255768624040957e-12,3.08794518629085e-13,0.0,7.85250625946078e-12,2.9126060726552085e-12,0.0,1.9614382776294407e-12,3.797489857084513e-13,0.0,1.885488363236511e-12,-2.0214967556769542e-13,0.0,1.8578855565052635e-12,-5.4243352459340825e-14,0.0,2.2950353790181987e-12,-8.000099916217062e-13,0.0,2.0023697625572996e-12,4.4784996931741565e-13,0.0,4.223597179232534e-12,1.8309951218394654e-12,0.0,2.35972556248337e-12,-8.370614399040136e-13,0.0,3.757726267465159e-12,-1.6450962032769489e-12,0.0,2.3682052600182422e-12,8.606159510778735e-13,0.0,1.2011224520215047e-11,-3.804304497013217e-12,0.0,2.213495943122676e-12,-7.058492226198854e-13,0.0,1.9619659048196345e-12,3.831810927323897e-13,0.0,1.876132339382714e-12,-1.6939349040211051e-13,0.0,1.2556919661349482e-11,3.904793304014737e-12,0.0,2.7680899605132137e-12,-1.1443695185011132e-12,0.0,4.246739275390003e-12,1.838543951220413e-12,0.0,2.5337361854598074e-12,9.664570226505948e-13,0.0,1.928806526194301e-12,-3.1943840412729156e-13,0.0,2.2543865786256397e-12,7.435004460828518e-13,0.0,1.8921032272150166e-12,2.1925060996219736e-13,0.0,2.357212019941413e-12,-8.532301528102236e-13,0.0,3.7481578279060555e-12,1.6385600003183642e-12,0.0,2.002834086472545e-12,-4.550370347758076e-13,0.0,2.167706380660885e-12,6.574415963939649e-13]
