WARNING: Repeated integer solution without converging
#SOLVERNAME# PAJ_GLPK_ECOS
#SOLVER# Pajarito.PajaritoSolver(3, 3600.0, 1.0e-5, false, GLPKMathProgInterface.GLPKInterfaceMIP.GLPKSolverMIP(true, Any[(:msg_lev, 0), (:tol_int, 1.0e-9), (:tol_bnd, 1.0e-8), (:mip_gap, 0.0)]), Pajarito.UnsetSolver(), 0, false, true, ECOS.ECOSSolver(Any[(:verbose, false), (:reltol, 1.0e-10), (:feastol, 1.0e-10), (:reltol_inacc, 1.0e-5), (:feastol_inacc, 1.0e-8)]), true, true, false, false, true, false, false, true, false, true, true, true, true, false, true, 10.0, false, false, false, true, 1.0e-12, 1.0e-8, false, "")
#INSTANCE# achtziger_stolpe06-6.2flowc.cbf.gz
#TIMELIMIT# 3600.0

Problem dimensions:
       variables |    3781
     constraints |    2606
   nonzeros in A |    7886

Cones summary:
Cone             | Count   | Min dim.  | Max dim. 
    Rotated S.O. |     630 |         3 |         3

Variable types:
      continuous |    3151
         integer |     630

Transforming data...               0.00s

Creating conic subproblem...       0.00s

Building MIP model...              0.02s

Solving conic relaxation...        0.10s
 - Relaxation status    =        Optimal
 - Relaxation bound     =      43.973733

Starting iterative algorithm

Iter. | Best feasible  | Best bound     | Rel. gap    | Time (s)   
    1 |  +5.565296e+01 |  +4.540870e+01 |   1.841e-01 |   3.601e+03

Iterative algorithm summary:
 - Status               =      UserLimit
 - Best feasible        =  +5.565296e+01
 - Best bound           =  +4.540870e+01
 - Relative opt. gap    =      1.841e-01
 - Total time (s)       =       3.60e+03

Timers (s):
 - Setup                =   2.19e-02
 -- Transform data      =   2.44e-03
 -- Create conic data   =   7.09e-04
 -- Create MIP data     =   1.88e-02
 - Algorithm            =   3.60e+03
 -- Solve relaxation    =   9.96e-02
 -- Get relaxation cuts =   2.66e-03
 -- Solve MIP models    =   3.60e+03
 -- Solve subproblems   =   7.33e-02
 -- Get subproblem cuts =   1.08e-02
 -- Get separation cuts =   1.22e-04

Counters:
 - Iterations           =     1
 -- Integer repeats     =     0
 -- Conic subproblems   =     1
 --- Infeasible         =     0
 --- Optimal            =     1
 --- Suboptimal         =     0
 --- UserLimit          =     0
 --- ConicFailure       =     0
 --- Other status       =     0
 -- Feasible solutions  =     1
 --- From subproblems   =     1
 --- From MIP solve     =     0

Solution returned by conic solver

Rounds of full separation/subproblem cuts, and count of cuts added:
Cone             | Subp.  | Sep.   | Total  | Relax. | Viol. 
    Second order |   1260 |      0 |   1263 |   1252 |     25

3 numerically unstable disaggregated SOC cuts

Distance to feasibility (negative indicates strict feasibility):
Cone             | Variable  | Constraint
          Linear | -0.00e+00 |  7.60e-13
    Rotated S.O. |  2.11e-11 |        NA

Distance to integrality of integer/binary variables:
         integer |  0.00e+00

#STATUS# UserLimit
#OBJVAL# 55.6529611613649
#OBJBOUND# 45.408699915879865
#NODECOUNT# NaN
#TIMESOLVER# 3601.033601999283
#TIMEALL# 3601.0690789222717
#SOLUTION# [55.6529611613649,0.0,0.0,0.0,0.0,0.0,0.0,0.0,0.0,0.0,0.0,0.0,0.0,0.0,0.0,0.0,0.0,0.0,0.0,0.0,0.0,0.0,0.0,0.0,0.0,0.0,0.0,0.0,0.0,0.0,1.0,0.0,0.0,0.0,0.0,0.0,0.0,0.0,0.0,0.0,0.0,0.0,0.0,0.0,0.0,0.0,0.0,0.0,0.0,0.0,0.0,0.0,0.0,0.0,0.0,1.0,0.0,0.0,0.0,0.0,1.0,0.0,0.0,0.0,0.0,0.0,0.0,0.0,0.0,0.0,0.0,0.0,0.0,0.0,0.0,0.0,0.0,0.0,0.0,0.0,0.0,0.0,0.0,0.0,0.0,0.0,1.0,0.0,0.0,0.0,0.0,0.0,0.0,0.0,0.0,0.0,0.0,0.0,0.0,0.0,0.0,0.0,0.0,0.0,0.0,0.0,0.0,0.0,0.0,0.0,0.0,0.0,0.0,0.0,0.0,0.0,0.0,0.0,0.0,0.0,0.0,0.0,0.0,0.0,0.0,0.0,0.0,0.0,0.0,0.0,0.0,0.0,0.0,0.0,0.0,0.0,0.0,0.0,0.0,0.0,0.0,0.0,0.0,1.0,1.0,0.0,0.0,0.0,0.0,0.0,0.0,0.0,0.0,0.0,0.0,0.0,0.0,0.0,0.0,0.0,0.0,1.0,0.0,0.0,0.0,0.0,1.0,0.0,0.0,0.0,0.0,0.0,0.0,0.0,0.0,0.0,0.0,0.0,0.0,0.0,0.0,0.0,0.0,0.0,0.0,0.0,0.0,0.0,0.0,0.0,0.0,0.0,0.0,0.0,0.0,0.0,0.0,0.0,0.0,0.0,0.0,0.0,0.0,0.0,0.0,0.0,0.0,0.0,0.0,1.0,0.0,0.0,0.0,0.0,0.0,0.0,0.0,0.0,0.0,0.0,0.0,0.0,0.0,0.0,0.0,0.0,0.0,0.0,0.0,0.0,0.0,0.0,0.0,0.0,0.0,0.0,0.0,0.0,0.0,0.0,0.0,0.0,0.0,0.0,0.0,0.0,0.0,0.0,0.0,0.0,0.0,1.0,0.0,1.0,0.0,0.0,0.0,0.0,0.0,0.0,0.0,0.0,0.0,0.0,0.0,0.0,0.0,0.0,0.0,0.0,0.0,0.0,0.0,0.0,0.0,0.0,0.0,0.0,0.0,0.0,0.0,0.0,0.0,0.0,0.0,0.0,0.0,0.0,0.0,0.0,0.0,0.0,0.0,0.0,0.0,1.0,0.0,0.0,0.0,1.0,0.0,0.0,0.0,0.0,0.0,0.0,0.0,0.0,0.0,0.0,0.0,0.0,0.0,0.0,1.0,1.0,0.0,0.0,0.0,0.0,0.0,0.0,0.0,0.0,0.0,0.0,0.0,0.0,0.0,0.0,0.0,0.0,0.0,0.0,0.0,0.0,0.0,0.0,0.0,0.0,0.0,0.0,0.0,0.0,0.0,0.0,0.0,0.0,0.0,0.0,0.0,0.0,0.0,0.0,0.0,0.0,0.0,0.0,0.0,0.0,0.0,0.0,0.0,1.0,0.0,0.0,0.0,0.0,0.0,0.0,0.0,0.0,0.0,0.0,0.0,0.0,0.0,0.0,0.0,0.0,0.0,0.0,0.0,0.0,0.0,0.0,0.0,0.0,0.0,0.0,0.0,0.0,1.0,0.0,0.0,0.0,0.0,0.0,0.0,0.0,0.0,0.0,0.0,0.0,0.0,0.0,0.0,0.0,0.0,0.0,0.0,0.0,0.0,0.0,0.0,0.0,0.0,0.0,0.0,0.0,0.0,0.0,0.0,0.0,0.0,0.0,0.0,0.0,0.0,0.0,1.0,0.0,0.0,0.0,0.0,0.0,0.0,1.0,0.0,0.0,0.0,0.0,0.0,0.0,0.0,0.0,0.0,0.0,0.0,0.0,0.0,0.0,0.0,0.0,0.0,0.0,0.0,0.0,0.0,0.0,0.0,0.0,0.0,0.0,0.0,0.0,0.0,0.0,0.0,0.0,0.0,0.0,0.0,0.0,0.0,0.0,0.0,0.0,0.0,0.0,0.0,0.0,0.0,0.0,0.0,0.0,0.0,0.0,0.0,0.0,0.0,0.0,0.0,0.0,0.0,0.0,0.0,0.0,0.0,0.0,0.0,0.0,0.0,0.0,0.0,0.0,0.0,0.0,0.0,0.0,0.0,0.0,0.0,0.0,0.0,0.0,0.0,0.0,0.0,0.0,0.0,0.0,0.0,0.0,0.0,0.0,0.0,0.0,0.0,0.0,0.0,1.0,0.0,0.0,0.0,0.0,0.0,0.0,0.0,0.0,0.0,0.0,0.0,0.0,0.0,0.0,0.0,0.0,0.0,0.0,0.0,0.0,1.0,0.0,0.0,0.0,0.0,0.0,0.0,0.0,0.0,0.0,0.0,0.0,0.0,0.0,0.0,0.0,0.0,0.0,0.0,0.0,0.0,0.0,0.0,0.0,0.0,0.0,0.0,0.0,0.0,0.0,0.0,0.0,0.0,0.0,0.0,0.0,0.0,0.0,0.0,0.0,0.0,0.0,0.0,0.0,0.0,0.0,0.0,0.0,0.0,0.0,0.0,0.0,0.0,0.0,0.0,0.0,0.0,0.0,0.0,0.0,0.0,0.0,0.0,0.0,0.0,0.0,0.0,0.0,0.0,0.0,0.0,0.0,0.0,0.0,0.0,0.0,0.0,0.0,0.0,1.6679203732584254e-12,4.5092104390273625e-12,5.216716717913674e-12,2.202228091773171e-12,2.224568418816845e-12,3.297600870259185e-12,1.7126150645583323e-12,2.1603041237290426e-12,1.939900312204746e-12,1.6709997723778343e-12,1.6764441558204805e-12,2.2020058742276285e-12,1.6825284331102252e-12,2.932768924518093e-12,1.874587312893278e-12,1.666526861649414e-12,1.670674821570779e-12,2.5708147620560237e-12,2.4984507295449505e-12,3.2908837668088056e-12,1.9296181663268733e-12,1.6970796965993285e-12,1.724625412014889e-12,1.7045109228896725e-12,8.124376091867722e-12,1.773802361391217e-12,3.042041805926762e-12,5.502760064821855e-12,3.746354076587876e-12,2.400089412561158,3.482065018682339e-12,4.378322856007693e-12,6.059112892932085e-12,3.836950656304132e-12,3.602088727968829e-12,2.677866083503276e-12,5.887451122248772e-12,4.248480229488752e-12,2.9285975625040948e-12,6.335632036683989e-12,4.0703789349273605e-12,2.4587631143058295e-12,5.7257920116662475e-12,4.0623381149638976e-12,2.7995364436642618e-12,2.5797340846660173e-12,5.359270596876197e-12,3.953129538723419e-12,4.875464982940248e-12,4.8411731250575406e-12,3.3816893822165046e-12,2.7534889044174995e-12,4.42188588342232e-12,2.2903097820943533e-12,2.400089412603645,6.282507342699124e-12,8.068136767012354e-12,4.649458739970299e-12,3.784214772418979e-12,3.342664985877493,2.6018781001083707e-12,3.5054923661981722e-12,1.0801447132111306e-11,2.1951163828064374e-12,2.147342059636414e-12,2.1259942596309e-12,1.90085656872781e-12,2.101056591673043e-12,1.7537946397935489e-12,1.8411032985151678e-12,2.1183250809712406e-12,1.7684083281344165e-12,1.6593985566784203e-12,2.4383269721309653e-12,2.113809272591755e-12,1.73269412377449e-12,2.0749396008871878e-12,1.7187394308623523e-12,1.7876892804703898e-12,1.919856127214377e-12,2.038614914641482e-12,2.3137803025627663e-12,3.683855845675772e-12,5.749186313898845e-12,1.8064449372880935e-12,3.3426649859952997,1.916031919197153e-12,1.668817663157452e-12,1.7077981392155847e-12,1.7303255275950138e-12,2.2664178873065633e-12,1.3759178884594653e-11,2.1666650671593913e-12,1.8727803305097715e-12,1.768269807348711e-12,1.696031029942319e-12,1.857038190471995e-12,1.8067061420123719e-12,1.6685549561337064e-12,1.9263831125757475e-12,2.8077629009814456e-12,1.6583945165978727e-12,1.6670356716849861e-12,2.00896219346755e-12,2.7585526537537352e-12,2.0182488512060115e-12,2.7073386578911957e-12,1.680827986319497e-12,1.828409393107167e-12,2.5050529953854056e-12,2.5316523220249304e-12,1.7216151584541147e-12,1.9703181438223403e-12,3.6494000765562e-12,1.7728346361892967e-12,2.545993331567498e-11,1.8010695066446238e-12,2.1226508879420616e-12,2.179689378466443e-12,2.8347969373674833e-12,2.2026406602873274e-11,1.947473419349215e-12,1.7789691882301058e-12,1.8274176121059556e-12,1.688231031039676e-12,2.1192486387533405e-12,1.6592835083590185e-12,2.346008225689961e-12,1.6625534957683405e-12,1.6611874029261617e-12,2.0727874655314043e-12,3.132074916235615e-12,2.7057534826051493e-12,1.7511659281074607e-12,2.0024884772436396e-12,3.4555492541150096e-12,2.6154101479006626e-12,1.8352958575576242e-12,2.236271167024906e-12,2.7624252945796737e-12,1.6589408054830584e-12,1.0956832707427784e-11,0.39062500001734696,1.5624999999662588,4.1650709078645795e-12,1.6889364853626455e-12,1.765919897020178e-12,2.2821969601345393e-12,4.68229554185529e-12,2.3262931635574716e-12,4.858818749891934e-12,3.2766529174858734e-12,2.4216829254709254e-12,5.980135660537847e-12,2.775363637679955e-12,4.8160483419806424e-12,3.809701128622918e-12,3.1745748017574565e-12,2.8152204499709146e-12,4.410202974959189e-12,4.367320268572463,4.8504316392567035e-12,2.1302537856208225e-12,2.0720568980381616e-12,6.2730620305943565e-12,0.6040011849754618,2.350064573677763e-12,3.1009453585922196e-12,2.9706426987080456e-12,3.617974409745455e-12,3.4657953482693227e-12,3.6546785118312066e-12,3.3149234445787877e-12,2.8759486010311122e-12,3.5400742452973283e-12,3.2870723331003667e-12,2.6185373534346574e-12,3.4732762000493874e-12,3.166960248141269e-12,2.8110344977851e-12,2.609938714002716e-12,3.2620468049563564e-12,4.123943194223781e-12,3.699089129227245e-12,1.7134865581325579e-12,2.6491084345109394e-12,6.486551523627342e-12,2.893582054679283e-12,1.6819445170661264e-12,1.6820644744595138e-12,1.843844320550274e-12,2.1556206700240854e-12,1.7537473852730672e-12,1.7303138685573145e-12,1.686077084008345e-12,1.7066464111452164e-12,1.7412699359842906e-12,1.7392529230427418e-12,1.9313987340321694e-12,1.9751004542878517e-12,1.7064112888746564e-12,1.716448985561334e-12,1.731271462024318e-12,1.7648761821259417e-12,1.6660846253960936e-12,1.668657255720046e-12,7.2235284261760084e-12,1.0337204670318627e-11,1.6925118017442326e-12,1.934797378189673e-12,3.694630929592828e-12,6.172566106445767e-12,1.951472114744784e-12,2.3093902722352537e-12,2.885597373964747e-12,2.008717140851042e-12,1.8350525287327173e-12,2.193801554719477e-12,1.6974902115303852e-12,2.7500950231710682e-12,2.035634415475109e-12,1.671296942440894e-12,2.580223513681999e-12,1.8671240822312583e-12,1.7538246533954075e-12,1.70730285542596e-12,2.477156651436206e-12,2.2102534316556804e-12,2.2927592039572365e-12,2.3014033406317633e-12,1.930736725710469e-12,1.6799034156515655e-12,1.7967651184461602e-12,1.7425048938894832e-12,2.039391653582196e-12,6.188162622178931e-12,2.5181433784484526e-11,2.2407984720047813e-12,1.0755661694541446e-11,2.7333590068792853e-12,6.177898639115013e-12,1.0894615117697735e-11,4.281741833209125e-12,1.2141556116814979e-11,4.1286125617768935e-12,5.228398194685913e-12,7.418822895883868e-12,9.984430655683732e-12,8.998603824949118e-12,1.1551988743211254e-11,3.199746461040846e-12,2.9777005472799147e-12,1.5624999999527271,1.9517489298572048e-12,1.7318578135549362e-12,1.8002428446870143e-12,1.666709101476528e-12,3.0193634730339825e-12,1.6715363664504374e-12,4.428119035339132e-12,2.421758319105508e-12,1.8143032550918111e-12,3.603269977048431e-12,2.2178383526157115e-12,3.375143146146248e-12,5.5881162088266925e-12,2.594711547633304e-12,2.125962362536393e-12,1.8401650069715567e-12,5.872604981306284e-12,2.2248897759842566e-12,3.815849532338256e-12,1.6660127262739335e-12,1.7619968778752727e-12,1.6756323171021525e-12,1.659907937531239e-12,1.9793641476688105e-12,1.7264256387836402e-12,1.658476457058654e-12,1.6898668931631571e-12,1.7940945907316865e-12,1.7220443310503703e-12,1.668076673868639e-12,1.859939124036724e-12,1.7584136144890085e-12,1.6964543473819124e-12,1.8439338143853752e-12,2.545347462815152e-12,1.8046915628144817e-12,1.698317205507637e-12,1.7441475166868235e-12,1.675114692989785e-12,5.912041172677925e-12,3.2375375414802063e-12,0.6987712429510169,2.354636048995807e-12,1.7822228392885213e-12,2.3073196366438876e-12,2.0535318158638565,1.937698721339143e-12,1.7546902983318894e-12,2.0277349279016085e-12,1.6628041725726913e-12,1.7326699352748382e-12,1.8106401372826663e-12,1.6831060088103213e-12,1.660095647708005e-12,1.7551643803582941e-12,1.7161197738589387e-12,1.6698551570794923e-12,1.6775070581769117e-12,2.0018797469862238e-12,2.361774130725032e-12,5.0662054010944395,7.741249956356676,2.690170297062065e-12,1.6590376615814755e-12,1.6591652828555115e-12,1.7139846453932555e-12,1.7086040438499773e-12,2.8660816078100075e-12,1.7946712270468663e-12,1.731143037661598e-12,1.7061502269210432e-12,1.6592702117938977e-12,1.820913442212976e-12,1.8073177416030854e-12,1.7690701730600064e-12,1.8125355535880941e-12,1.867287197440081e-12,1.7309319745450463e-12,1.808147382676306e-12,2.5394968460608294e-12,1.8273258476183972e-12,1.6642657351655157e-12,4.0169835856723454e-12,2.5235221779544264e-12,1.8380764131784627e-12,1.8062143737411167e-12,1.6687564022286404e-12,1.9148284954458386e-12,1.7810185151325828e-12,1.6853754214913161e-12,2.4899617517403345e-12,1.847427195265095e-12,2.309459701238754e-12,3.6904847968948635e-12,2.0678155147462576e-12,2.9944831901214894e-12,2.0217446580317017e-12,2.351651482594272e-12,4.90103013928605e-12,2.832956912393582e-12,1.6912908389712405e-12,1.821003072101734e-12,1.0557382747476328e-11,1.7680651280594478e-12,3.3190216829052317e-12,2.9346932467770028e-12,2.0071693686001176e-12,1.9533775738283905e-12,2.0945484075687257e-12,2.7950849717248003,2.2597178494037453e-12,3.1933337251536094e-12,2.6793860361477335e-12,2.3866132050495506e-12,2.9006967788172137e-12,2.7453808503566088e-12,7.691474368048596e-12,4.654506339381651e-12,1.6797020960677215e-12,1.828722264410889e-12,1.7290913480247743e-12,1.658802541529075e-12,1.6931106710865845e-12,1.8537350192022455e-12,1.6605413429807393e-12,1.7602583794119482e-12,1.829023446747254e-12,1.687813971670829e-12,1.776427524586783e-12,1.7658358554390143e-12,1.7084008614488945e-12,2.9473263580723018e-12,1.7798541394979698e-12,1.8803893279853e-12,1.90220962803912e-12,1.6850478427926252e-12,1.6769123920681616e-12,1.826039335607016e-12,1.6583373630144105e-12,1.6585343965946678e-12,1.6736154966172252e-12,1.830582620174938e-12,1.8291999160311317e-12,1.7188341342795133e-12,1.6807637578704676e-12,1.6781079357146938e-12,1.6608259198888041e-12,1.6983109194061832e-12,1.658797546645561e-12,1.7033916177236058e-12,5.966782317947911e-12,8.774071222511189e-12,2.0317914968222773e-12,1.8075258227352624e-12,1.6717111768695088e-12,1.6665410798273621e-12,1.7430510641879312e-12,1.6740745003263152e-12,1.8183334256697085e-12,1.8252203399239538e-12,1.6996130290824144e-12,1.7348547447449752e-12,1.814395145489712e-12,1.7658125808596392e-12,1.7578106239475982e-12,2.910623382747328e-12,1.752274166065694e-12,1.7359997024295584e-12,1.7765244602610484e-12,2.28387605999272e-12,1.73179652991833e-12,1.6694020069617329e-12,1.6912479391130397e-12,2.2960954376605454e-12,4.511271823780604e-12,1.902420342464411e-12,2.7950849716416326,2.140969275360261e-12,2.6014700517504905e-12,3.2211541548665623e-12,2.5426628784492293e-12,2.9983765055186498e-12,4.498199070826637e-12,8.940407605900264,1.9410948667047805e-12,1.7822256048887996e-12,2.362764950290625e-12,1.6607480102340082e-12,1.660222802895784e-12,1.6628914156314627e-12,2.0006410801873196e-12,1.6883083959509784e-12,1.9705552480145784e-12,6.149457580451588e-12,1.7094539649740514e-12,1.7898142141900964e-12,8.216607015258307e-12,1.8128468625413452e-12,4.564186417976943e-12,1.7878462880138078e-12,1.7908224014022955e-12,2.526479855509479e-12,1.710805138053716e-12,1.7258166506348065e-12,1.7746635701370527e-12,1.6637564778259506e-12,1.7393831921391492e-12,1.8203584445119568e-12,1.6638419386995985e-12,3.701842038427818e-12,1.904772886193897e-12,2.055783029108891e-12,1.7295303013266434e-12,1.6704290286534496e-12,5.843949094352866e-12,1.712427767169243e-12,1.9748901214113e-12,1.6605034681603069e-12,1.6601862882275452e-12,1.715471792087067e-12,1.9733622245796404e-12,1.6613144151557317e-12,1.728663889009459e-12,1.7065116044537247e-12,1.6882924606736665e-12,1.8001591046625208e-12,1.7715414149820677e-12,1.6772545255700134e-12,1.6743778694893851e-12,5.542848900341398e-12,7.992030785291838e-12,1.9777875123345622e-12,1.8801391109113976e-12,1.778727887771141e-12,1.8603934597394122e-12,2.5338137940420053e-12,1.7401607416355569e-12,1.932008174712439e-12,1.828830942627476e-12,1.6585556477077192e-12,1.924889825608746e-12,3.715165065494521e-12,1.6677371197402399e-12,1.6791646124085438e-12,1.9165108196155324e-12,4.284936587912024e-12,2.209374287112966e-12,1.6848632220193106e-12,1.6652116163861974e-12,1.6615613092561084e-12,2.3356543633419424e-12,1.83146514583492e-12,1.700921634582805e-12,1.918424525590104e-12,1.7152958740269858e-12,5.991594646363052e-12,1.8958744646731184e-12,1.7396732153273635e-12,3.3515095448951747e-12,2.5420834347879647e-12,1.0993427126427684e-11,1.6796704277399753e-12,1.828717265992481e-12,1.864857657580753e-12,1.6600095706943337e-12,1.6619842610381235e-12,1.689326154098931e-12,1.9307654595170583e-12,1.858258578691892e-12,7.462154030011234e-12,1.8852294308232733e-12,1.9785338613749607e-12,1.922732141188211e-12,2.0280136921378826e-12,1.7876239819360695e-12,1.6687107458266768e-12,1.855869625591835e-12,2.795084971754245,1.7293718394171106e-12,2.643987545451037e-12,1.8170896562587255e-12,1.875685074020793e-12,1.8136520522002843e-12,1.663018042202963e-12,1.661239258933815e-12,1.6986736213827516e-12,1.7996586968769617e-12,1.7116794474891766e-12,1.820966319599206e-12,5.373955061288017e-12,7.46624775969915e-12,1.7049189631685544e-12,1.659862922340091e-12,1.760395842948518e-12,1.9399211235014625e-12,1.9672965981789206e-12,1.8717078746751966e-12,1.7233528799048516e-12,2.7950849717278916,1.8321341926164047e-12,2.481719218343803e-12,2.4773456458369224e-12,1.7221917482230611e-12,1.6709503004926475e-12,1.6652176062017372e-12,1.7655344253103428e-12,1.8004038867318496e-12,1.841802702412207e-12,1.8212398179508407e-12,9.953053884613924e-12,1.7254983880316374e-12,1.658317657088789e-12,1.766107084340338e-12,1.4393795653247217e-11,1.709501954865041e-12,1.6759709062561222e-12,1.6719356359815974e-12,6.97593802328891e-12,1.7684528248634185e-12,4.603280356749021e-12,1.7147487310852976e-12,1.6774698075802642e-12,1.6853358710096723e-12,1.4281188543774476e-11,1.7618437395450038e-12,1.6616264295043714e-12,2.355749947784979e-12,1.659931409006463e-12,1.6744858382992728e-12,5.423400296402676e-12,1.6797884525451216e-12,1.6692454113465235e-12,1.8520866115459737e-12,1.6638194398163482e-12,1.940989385169606e-12,1.6806219168167602e-12,1.892664355791622e-12,1.8422885419568453e-12,5.159409872509265e-12,6.9106045323339564e-12,1.7243659769988797e-12,1.658298054220715e-12,1.8069616300458913e-12,1.4167239070143932e-11,1.6943852710059597e-12,1.6762316289950729e-12,1.6884657320927015e-12,2.2035606056894996e-12,4.146594579969119e-12,2.099004694916537e-12,1.6707838957206761e-12,1.7249480862056703e-12,1.4193389716534143e-11,1.7134151104616852e-12,1.6619749435064402e-12,1.6606954632758534e-12,3.4376347405540252e-12,2.3709696156614844e-12,9.122420809997746e-12,2.0858352974318405e-12,6.347285475098283e-12,4.56216265332129e-12,3.2608904550988326e-11,2.301859785376517e-12,1.7368356012780447e-12,1.6588718957911254e-12,3.2804721680703e-11,5.948032416019748e-12,7.49601212073451e-12,2.0143202958952233e-12,1.8203279434166684e-12,2.158902195007207e-12,1.9344861263019903e-12,3.503586393473516e-12,8.163190663481862e-12,2.017339843885442e-12,1.8333938623093958e-12,1.944249870253043e-12,2.997970852120685e-12,9.573829761717415e-13,-1.8190850099673846e-12,-2.390424066305223e-12,-5.895005770863089e-13,7.950695315382437e-13,-8.686105247044171e-13,5.804837936365258e-14,-1.257268671811161e-12,-1.0377842962013016e-12,1.7880389269850204e-13,-9.48556787343905e-13,-7.898192979499894e-13,3.251100533706853e-13,3.0482067560985634e-14,-1.182201765361923e-12,-1.2315806896855179e-12,-1.0628075368416777e-12,-8.775829131926615e-13,-4.166032997291895e-13,4.395351056216567e-13,5.566439974398007e-13,-1.9051093411532648e-12,9.438176082361949e-13,1.6990761746896553e-12,-2.447533255208045e-12,-1.5492221959910466,-1.4505379279143758e-12,-2.4421768881640352e-12,-3.0629547925156088e-12,-1.0505979521110003e-12,-2.491802972748929e-12,-1.3895489462766321e-12,-1.4732344526474759e-12,-1.5268750058901829e-12,-1.470854293869358e-12,-1.7692591940737901e-12,-1.4207183702519894e-12,-1.1643008937913775e-12,-1.7494472782107967e-12,-1.4190639127996131e-12,-8.524390298737166e-13,-1.2268061132460617e-12,-1.69822540112827e-12,-1.2673623826472394e-12,-1.6581737393090645e-12,-1.1251003362350439e-12,-1.3485829412110588e-12,-1.2036547301642567e-12,1.6133023245420755e-12,1.1704694168136877e-12,-1.5492221960098767,2.347188072299329e-12,2.5644044371300673e-12,9.921165097693765e-13,1.8282956505879402,1.883476169814853e-12,-2.2070147043802798e-12,-4.174163599489567e-12,1.95922799687091e-12,1.2231136361687858e-12,1.8441099347147147e-12,1.499007304834585e-12,1.1839375056199562e-12,-1.1603554937498467e-12,1.3661467961629054e-12,1.407459029618491e-12,1.0777916100048405e-12,9.21274467054652e-13,1.986907009641257e-12,1.1849265535957876e-12,1.0467009615708293e-12,1.4170860379532351e-12,8.662134713613501e-13,1.0787306117143696e-12,1.1460524739796184e-12,1.1805755593275538e-12,1.3836904231379593e-12,-2.071273569189384e-12,-1.843431179796173e-12,-6.306261791628732e-13,1.8282956506067916,-9.97045556377605e-13,-1.6233745952673267e-12,-4.613466455625191e-13,1.4069606921813641e-12,-4.7857854689238775e-12,1.3237827022045252e-12,-6.896327258652804e-13,6.211245273257856e-13,-9.431164725567567e-14,1.0417811584741407e-12,2.2576414464848925e-13,2.3177278417705623e-14,1.1535009009175337e-12,1.5472885838106581e-12,1.9094507303593208e-13,3.330774526487155e-13,1.2096932977934401e-12,1.4697964933580128e-12,1.3333479388509311e-12,1.4855849448700898e-12,4.671118893782385e-13,9.382414761234366e-13,2.00518475735816e-12,1.3630371970640014e-12,-4.1393783131209505e-13,-1.0237734105845475e-12,-1.6025527154028904e-12,8.373498595101826e-13,4.863509205893761e-12,-1.6861018511638198e-12,-2.2415334673326254e-12,-1.2038833057257446e-12,2.0551532756348014e-12,-5.78956705879781e-12,-6.7549860515588e-13,7.403832133131154e-13,-5.309746164698681e-13,4.560067202752234e-13,1.1608106101013726e-12,1.1396475832563475e-13,1.3662861019472496e-12,1.54376122193181e-13,3.504814997008785e-13,1.1398539095632704e-12,2.158210620478966e-12,1.5159976140617088e-12,6.33665219136294e-13,1.0506481452970476e-12,2.2124166683318488e-12,1.3431056110926691e-12,-6.647131350054531e-13,-1.4993976072616192e-12,-1.3750555721029264e-12,1.4181394252717218e-13,3.2781207850971746e-12,-1.2499999999892075,-3.418454437703387e-12,-2.477992472533544e-12,-2.028303574364771e-12,-2.3760402970704557e-12,-2.6065854809813567e-12,-2.5692469985099586e-12,-2.299028580765407e-12,-2.296122000382326e-12,-2.2287373467426404e-12,-1.8934193718395403e-12,-1.9030984810885758e-12,-2.02077824417582e-12,-1.9199760607260552e-12,-1.9824274490534055e-12,-2.019285266140328e-12,-1.9785884572360095e-12,-2.0898134530573396,1.3364283009901584e-12,2.6790320374703787e-12,-1.824237037990522e-12,-0.7771751314691928,-2.65630829963461e-12,-2.7577495854835907e-12,-3.116818494732513e-13,-2.2038290559672153e-12,-3.6251794889795896e-12,-9.990821582891222e-13,-1.7512348455846476e-12,-1.9760575799857707e-12,-1.1739443702682709e-12,-1.5996738583592142e-12,-1.934427134142722e-12,-1.2260341851311318e-12,-1.3460844753895134e-12,-1.5273656605468356e-12,-1.6862121946912457e-12,-1.2549778061463479e-12,-1.1899933356325056e-12,2.136326910828689e-12,-1.3095923782108955e-12,1.1075818834583447e-12,1.68609916195191e-12,1.9670086695961306e-13,-1.1011558827697818e-12,5.874619283357927e-13,-1.2219829548337237e-12,-2.4148945194545297e-13,3.589493245466781e-13,-7.628178365340981e-14,-8.221704785296243e-14,6.828428437158026e-13,5.20035931830858e-13,-2.5107046832632265e-13,1.4947467360387105e-12,-2.1166169813893874e-13,-1.426955628671728e-13,7.32231454051733e-13,6.754780503056642e-13,4.358027671040435e-14,3.1802115009646444e-13,-2.0311533546653e-12,3.2055319889549965e-12,-1.3578888470040083e-12,-2.0532881335793757e-12,-2.3871842948050254e-12,9.281606445328769e-13,1.6533767353606124e-12,-1.6953418970098594e-12,-1.1023933783942983e-12,1.706170350029528e-13,-1.2312626665412113e-12,-3.731937126202399e-13,1.5874597667593762e-12,-1.2139951847807063e-12,2.483541671946555e-13,1.4081441783446243e-12,-9.087211277397617e-13,-5.378183421468622e-13,6.104617506164643e-13,1.3827550799714381e-12,1.717663388072396e-12,1.2205856743572715e-12,-1.6284497811111109e-12,1.114914298644525e-12,3.665704018076722e-13,4.1807574597817884e-13,-5.565654235276414e-13,-3.268763130232527e-13,2.8561047511947863e-12,5.974611103986918e-12,1.2806523575580984e-12,3.814131461835769e-12,1.5336057096682093e-12,2.8491160687894416e-12,3.844595122533006e-12,2.4361262145017257e-12,4.438558968762687e-12,2.1523956737685037e-12,2.5847570406025274e-12,3.19912442982347e-12,3.5904324076021273e-12,3.2766328871816445e-12,-3.78123578753017e-12,5.706911227480637e-11,-1.249999999981121,-1.0019305403760378e-12,2.451394530611937e-13,2.2208959457589572e-13,-1.376079370931989e-12,-1.513081342220979e-12,-4.2639328990744505e-13,-1.3012167151727701e-12,-1.317824655351994e-12,-9.290196154607096e-13,-1.6002345798328895e-12,-1.1366291613677863e-12,-1.6336360449832754e-12,-1.6049377022333169e-12,-1.3722324804874682e-12,-1.110936282741643e-12,9.461274771134752e-13,-1.4544920874370204e-12,1.7283187445874e-12,2.3243278505330915e-13,-4.934422521988132e-13,2.5365099322614466e-13,-1.9275044811389294e-13,-2.0929373921236463e-12,-5.153698589702794e-13,9.780662163773122e-14,-3.7311530718544817e-13,-7.056499761306623e-13,-3.621412153256029e-13,4.913736755015322e-13,-7.738545306325449e-13,-3.0503151640021387e-13,-3.0097059352260724e-13,-7.706015761396446e-13,-6.310398219687828e-13,-6.082361850470308e-13,-3.1644217480888473e-13,-5.869543868795024e-13,3.8796243514135763e-13,2.7523326796578284e-12,0.8359253812122435,9.513214895048106e-13,1.758320302831025e-12,4.4796703116307345e-14,-1.4330149391638778,1.1974521806990732e-12,6.204958250193947e-13,9.641710118451105e-13,6.615255676119662e-13,1.8625665464843413e-12,1.712381132175575e-13,8.064730472122655e-13,9.106126941717678e-13,7.855071438553129e-13,8.753914476233697e-13,4.588379762495032e-13,4.4848503971207226e-13,-5.949892865398153e-14,-1.1436713943300811e-12,-2.2508232718100847,2.7823101833209765,-3.607518346255665e-14,-1.7614149627748542e-13,4.4625176282959987e-13,3.778108497744497e-13,-2.7417099379713447e-12,5.518530580195395e-13,5.967629936562764e-13,4.733792561756747e-13,2.009692912956171e-13,7.981690757830254e-13,6.745319127967033e-13,5.876208691914942e-13,9.44854576238014e-13,8.380920834802162e-13,5.066939236489744e-13,7.408112981870314e-13,1.9776943290305344e-12,7.220092416147326e-13,1.224187119911058e-13,-1.576594610941212e-12,1.6219413544916994e-12,-7.046632742756016e-13,-6.934391485357296e-13,-7.691368643013487e-14,1.1882116574194e-12,3.8354369630436404e-13,3.795546087491374e-13,1.5341399510353986e-12,7.118052455204844e-13,1.311842434584339e-12,2.539020756597915e-12,1.1426808226580693e-12,1.6685695352871482e-12,1.042154444533462e-12,1.3049094432735089e-12,2.6227579406828137e-12,1.4450278599468716e-12,-4.316700613600003e-13,8.968525720033885e-13,3.1817943735272053e-12,-1.8189956572220636e-12,-1.5412144164326107e-12,-1.11806737993719e-12,-1.0983427441253666e-12,-1.2304640664279107e-12,-1.6718507624041317,-1.3254342523449809e-12,-1.5414167411267543e-12,-1.2969176928947647e-12,-1.2963711926905431e-12,-1.5513047458993735e-12,-1.4534113894144838e-12,-1.7521601855216208e-12,2.4843428379746348e-12,6.898263310733521e-13,-3.806807214729621e-13,-1.3663745593681872e-13,-5.51338843967488e-13,-9.759675888654752e-13,1.7418506923132406e-14,-5.777749178998492e-13,-9.332080204399458e-13,-3.3645113257337305e-13,-4.022984434691095e-13,-5.352039207211134e-13,-4.553239841053014e-13,-7.934591609550891e-13,-6.342248338584224e-13,-7.608329701432513e-13,-7.112006746141452e-13,2.427975488563133e-13,5.651048236980905e-13,8.180752445349231e-13,1.6559312505621053e-13,-2.0848993336950634e-13,-7.881936482951568e-13,-3.371389469340492e-13,9.527610267421323e-13,2.6564071180248154e-13,-1.3025541096783168e-13,8.474371241849786e-14,-3.0498668614370274e-13,1.0343769168094125e-13,-3.4692483527340025e-13,-1.7823523121050775e-12,3.1099171138406236e-12,3.3532518884749226e-13,-5.526346011740441e-14,5.874620691767397e-14,8.111353272619194e-13,2.877860231490965e-14,3.990889770252809e-13,7.170713123471426e-13,4.97625615884533e-13,5.077076520255086e-13,9.257598779608312e-13,7.559741676788986e-13,5.013927111125893e-13,2.1667358404210927e-12,6.409171111886454e-13,2.8748695838874755e-13,5.766163893352505e-13,1.4249388945368157e-12,-6.46992608836351e-13,-1.0199941413643048e-12,-8.835283213637156e-13,1.5484995861112563e-13,2.1177234186462718e-12,-1.2832592789635788e-13,1.6718507623727865,3.0038521394102427e-13,9.380408207328238e-13,1.3626611219267338e-12,7.959610006235505e-13,1.2344405525794758e-12,-2.3393863518485577e-12,2.9900514386701484,-7.0272097913437e-13,-3.1520761402550766e-13,-1.1140939818830892e-14,-4.761085631800317e-13,-3.7336351324386286e-13,-8.277103927684334e-13,-3.4839039365609846e-13,-9.25504722335881e-13,-1.643820511835689e-12,-4.0976659059689285e-13,-5.427334706843729e-13,-2.0207536938018645e-12,-2.0500569151715207e-13,2.3270569144819343e-12,4.4819571445565424e-13,-4.2697416433220145e-13,-5.108834422310761e-13,-7.698469869651685e-13,-8.493744926078159e-13,6.376183783801051e-14,-3.4409528111983954e-13,-7.428247397527506e-13,-2.33887589556915e-13,-1.0003074411624655e-12,-8.601241839701461e-13,-9.127817031624482e-13,-3.684341929134428e-13,3.336783542012885e-13,2.658087263510737e-12,6.742405926969375e-13,1.3274601820186523e-13,-5.784684281578036e-14,-2.79755167979857e-13,-1.0710927226055086e-12,1.567890761568839e-13,-3.617598177927946e-13,3.5684004737952716e-13,3.175012629425287e-13,-6.691132843885386e-13,-5.826410862143076e-13,-2.520348260902688e-13,3.1954940994537743e-13,-1.6626987654987846e-12,2.997643125722719e-12,5.051560345214081e-13,2.9696414577186176e-13,6.193429711183351e-13,2.311893016969993e-12,-6.642066564562243e-13,7.117029221212418e-13,8.386467166646471e-13,2.7556088145280444e-14,7.741533739710548e-13,2.3666966110614898e-12,1.2415541869100106e-13,2.4780112990815246e-13,8.787848330189701e-13,-1.5020352106811544e-12,1.522400642246912e-12,4.335656596579738e-14,-2.1247181478536116e-13,-3.677957555232006e-14,2.1987685452039582e-12,5.835536048905449e-13,2.71390889384612e-13,8.646809238147352e-13,3.7427989953030024e-13,2.706706539807387e-12,6.554045616602643e-13,4.431220939619783e-13,-1.3902252356981204e-12,1.574492020953227e-12,3.261270605296952e-12,-7.233584993056424e-13,-6.733269737845673e-13,-6.191006017091994e-14,-1.941969267681834e-13,-3.9065184201972315e-13,-8.74246645742037e-13,-7.551640064852091e-13,-1.987538007614059e-12,7.401468100225333e-13,1.2664941623068537e-13,2.3084923745242115e-13,-1.652797440216134e-14,-3.229237189902376e-13,3.7284967542432925e-13,-1.6718507624085268,-1.7774311224107455e-15,-8.759251264375333e-13,9.082749968097325e-14,6.406618961045966e-13,1.4467019005148968e-13,2.5496951139499176e-13,-2.7989436319008106e-13,-6.241444266351459e-13,4.1787636894776726e-13,-7.091801607832671e-13,-1.639812787764676e-12,2.872045882240703e-12,-7.207234941138757e-13,-1.4554219146093582e-12,-1.8408807596328944e-12,-1.826010959898487e-12,-8.960995868190487e-13,-1.1425505503785657e-12,1.671850762398919,-1.1514741655226958e-12,1.7309434430621164e-12,2.0178863436977585e-12,3.372723725419892e-13,6.139910974167036e-14,1.341387304950722e-13,5.994589931531721e-13,6.806442598055676e-13,6.717353644352197e-13,5.452718889199089e-13,3.0532370906626624e-12,-1.1385955118389362e-13,-5.246170382126459e-13,-2.8850421373805164e-12,-2.666281635423289e-13,4.3191231157745693e-13,-1.6308689075504463e-13,-1.9307281018167353e-12,-1.8958524292278678e-13,2.2854613761725405e-12,2.3360963773083756e-13,1.264175168868193e-13,-2.6889038555753054e-12,-5.734821115663416e-13,1.8300465229978716e-13,-1.0788582600347117e-12,1.8395551862057304e-13,2.605992380013699e-13,2.5456871927305185e-12,1.8131671002598142e-13,5.606067073316075e-13,8.639971576031986e-13,-1.0326414998069323e-12,-2.548896079030033e-13,-6.449501813555703e-13,8.95034619339317e-13,-1.4866459240462844e-12,2.8765282956701823e-12,6.842546495800359e-14,6.515832359646926e-13,4.019380201610163e-12,-6.517866150674511e-13,-2.83434461282811e-13,-2.544331689495475e-13,1.1369713606537096e-12,-1.4053827980080572e-12,1.4569216818555033e-12,-4.256362983822381e-14,5.821178250173067e-13,3.837362556147591e-12,3.4344367431158514e-13,-2.656467070544439e-13,8.412075484468305e-14,-1.3596060320669334e-12,1.4929268443414884e-12,2.9546242977037796e-12,-1.882138294093657e-12,2.24628052370406e-12,-1.1266242391120596e-12,5.611478769761275e-13,4.3773269383933943e-13,-1.3164831631112556e-12,3.2825120653297282e-12,-6.898257496389948e-13,9.849236592062364e-13,1.1852490758759727e-12,-1.3946737121192702e-12,2.765351817442475e-12,2.193861038483458e-13,2.4956700809720235e-12,-2.4516422046694417e-12,-9.180517075404596e-13,0.6250000000146009,-3.1216272398141528e-12,-3.4302539166636517e-12,-1.6033451944570583e-11,1.1231812865653156e-12,3.123195225976508e-13,-1.6975798945923294e-13,-1.1796927212681027e-12,-5.389157972040045e-13,-5.17441191918284e-13,-6.671773340747812e-13,-2.7145449083342052e-12,7.736486791800605e-13,4.550769756709038e-13,-5.866917586285466e-13,-9.5112820963137e-13,2.0317905568616714e-13,6.374100763719788e-14,-1.6825349844395153e-12,1.0270553230469967e-12,5.990691065509827e-13,3.5171206730315115e-13,-2.947349491330757e-13,-3.5363747406401197e-13,-7.973114399822461e-13,-4.930424864790689e-12,5.2477538750850424e-12,1.0807154348077711e-12,-5.461083408830911e-13,1.0280892663598938e-12,-1.1801306306025026e-16,8.334697927790878e-13,2.1395215805038907e-13,3.751018070569088e-15,2.2541191780067987e-12,2.0427275998367937e-12,4.578686445859925e-15,2.6089928149103197e-12,3.3041259686449956e-12,1.131024183868213e-15,1.1005637141213477e-12,9.323036398286985e-13,5.604705568171397e-17,1.1114872993882327e-12,-1.980734833503289e-12,1.3939924996963364e-15,1.6479442803101382e-12,-2.5800237439892185e-12,8.722960570755476e-17,8.55941884709174e-13,-6.232284170125798e-13,8.323036015576316e-16,1.0793646555421558e-12,7.338138422312187e-13,3.3589208095977654e-16,9.694117710790545e-13,-8.681492231847158e-13,1.1464579392852263e-17,8.350777080102886e-13,2.6951410262558105e-14,-1.5147760840800975e-16,8.378281984147467e-13,-1.5085408732278744e-12,6.263733482328664e-16,1.1002797589516598e-12,-1.0190480898457908e-12,7.305563322630299e-17,8.408554357493587e-13,1.5455126399041314e-13,2.287572617108007e-15,1.4652884448993844e-12,-7.727017124536965e-13,1.9804530409773057e-16,9.36756642701218e-13,-7.954316457990775e-13,-1.158023428153514e-16,8.327987808680231e-13,3.784361008841541e-13,8.067951581280526e-17,8.349419766971579e-13,-1.4629208082170987e-14,7.593186926067855e-16,1.2843167334702865e-12,-1.1568165099457538e-12,4.1319951767547627e-16,1.2480808273779717e-12,-1.2372498287251462e-12,2.814419698301777e-15,1.6443030951368167e-12,-8.88113979783218e-13,-5.0159469727059594e-17,9.640998781878638e-13,-8.910639302124167e-13,-9.344074631959899e-18,8.481191418934774e-13,-4.3112598099478167e-13,-4.5856638339268294e-17,8.618889675783257e-13,4.713880251770111e-13,-1.2581380205987007e-16,8.517669940778237e-13,5.727060089982475e-13,3.6444366072385154e-15,4.060001363969659e-12,-1.7824766331322614e-12,-4.385054534254883e-16,8.862553193708846e-13,1.0032427142228478e-12,5.517487002970473e-16,1.5203992477538743e-12,1.7330691993585699e-12,4.03564937878633e-15,2.751181121542352e-12,2.583649413803258e-12,2.965037372318394e-15,1.8731607710679757e-12,-2.653055611780031e-12,1.00000000000017,1.2000447062805777,-1.5492221959909378,1.3352884359522116e-15,1.7400616314525089e-12,-1.4128196092877778e-12,1.3984550439306093e-15,2.1880550928659064e-12,-2.583371540157029e-12,2.6366858305351094e-15,3.028575632357814e-12,-3.267224455533925e-12,2.4152986425035987e-15,1.916755201793069e-12,-8.644508726077903e-13,2.124837474270327e-15,1.8016466025214028e-12,-2.7073397536802404e-12,7.090826497934005e-17,1.33779147667383e-12,-1.3966662654551431e-12,3.4926941152394828e-15,2.940457232117689e-12,-1.2838017549655483e-12,2.7881641777452982e-15,2.123182291440345e-12,-1.4727750460164027e-12,1.5407197147234074e-15,1.4637942275294965e-12,-1.4875540996704552e-12,3.634948553952618e-15,3.1654784949763156e-12,-1.684845286426598e-12,2.6061015438806872e-15,2.034059320682456e-12,-1.357963627353779e-12,8.160899957131711e-16,1.2287507021854546e-12,-1.1464913770022915e-12,3.109541314320088e-15,2.8609592617261628e-12,-1.6991742962970068e-12,2.5019804722980492e-15,2.0299634119083978e-12,-1.3585401360927481e-12,2.113538421915251e-15,1.399093629372728e-12,-7.090668634664171e-13,1.0421773826076903e-15,1.2892543910528971e-12,-1.218236374939941e-12,2.797520085301071e-15,2.6778377544304397e-12,-1.649925667706811e-12,2.658091638056067e-15,1.975282942089391e-12,-1.1670850106482193e-12,2.7031118270078454e-15,2.4361578274896747e-12,-1.620920365930762e-12,4.430707807962006e-15,2.418705918360753e-12,-8.910902999438705e-13,1.6643114431198299e-15,1.6897809281762052e-12,-1.3109107264167774e-12,1.373498418754525e-15,1.3760303249723397e-12,-1.1721265624098749e-12,2.525966726675675e-15,2.2097186674971484e-12,1.5690244414328844e-12,6.423233973399332e-16,1.1444828597935761e-12,1.1668435847023911e-12,1.0000000000000944,1.2000447063018211,-1.5492221960098167,2.856675164396127e-15,3.1400706780553e-12,2.381571382886085e-12,1.8096541070442173e-15,4.032548026680214e-12,2.581067574922689e-12,1.45773455027451e-15,2.3239061745807573e-12,-2.5572406186232966e-12,1.540710679892251e-15,1.890385131403736e-12,7.844328795631802e-13,1.0000000000003233,1.6713324929387452,1.828295650587764,3.467065018421195e-16,1.3001425265912118e-12,2.0027139350131218e-12,1.6490651584245857e-15,1.7518287832776127e-12,-2.337889273133013e-12,2.6039502597906702e-15,5.3978843887955815e-12,-4.469747713959081e-12,-1.72006797423091e-17,1.0971636542870225e-12,2.141479117132079e-12,2.1778763141254296e-16,1.0727530911088053e-12,1.2580111075944466e-12,2.240540546047672e-16,1.0629453155344203e-12,2.0588529394026607e-12,-1.6916654206275085e-16,9.499815232069263e-13,1.6348432498646067e-12,1.836473371116398e-16,1.0497267065823874e-12,1.2116096845518164e-12,-1.6162022034062473e-16,8.763548039101524e-13,-1.3039164807764639e-12,-2.0165052452027415e-16,9.200751823965021e-13,1.4984710077970242e-12,2.126485026233287e-16,1.0585000297724165e-12,1.488891950922529e-12,-1.4621197113333315e-16,8.837414065187298e-13,1.1624578234517065e-12,-2.4988721041568405e-16,8.292027626141265e-13,1.1581722831044166e-12,-3.9663457736913933e-16,1.2182324156686506e-12,2.1888468810232894e-12,2.4119912027508755e-16,1.0560867889990368e-12,1.2146504697096508e-12,-2.6164831774237153e-16,8.658614034031675e-13,1.1637914782611572e-12,-8.705988047023125e-17,1.0367424945329956e-12,1.5081769121085719e-12,-1.8112251751530734e-16,8.588912494093656e-13,9.400477435433865e-13,-1.3634018001911492e-16,8.93370532079561e-13,1.1633302145859447e-12,7.92385912905415e-17,9.59374134490513e-13,1.2042713475996283e-12,7.102465573778368e-17,1.0185624322933183e-12,1.2261730128419151e-12,1.0579736508255412e-15,1.156408038022564e-12,1.4063581902575613e-12,2.3217020253181806e-15,1.841415821719089e-12,-2.158699456984976e-12,-3.097245533202008e-16,2.873049951393903e-12,-1.7977698870676378e-12,-2.9558442132088567e-16,9.026228961729766e-13,-6.439217233172257e-13,1.0000000000001144,1.6713324929976485,1.82829565060673,4.801554502645639e-16,9.576237731756122e-13,-9.272651804197714e-13,-1.1417268049207546e-16,8.339342006594768e-13,-1.2806247039564117e-12,-2.0533114479766114e-16,8.537219873260283e-13,-1.9396030892806142e-12,4.0680871386546476e-16,8.648637626041575e-13,-4.549653573275046e-13,-4.209179271386336e-16,1.1320945691089032e-12,1.4681342619862323e-12,5.142812675730708e-15,6.8739129456493965e-12,-5.145610413146534e-12,6.305868993252621e-16,1.082967174106447e-12,1.4112947676462107e-12,8.621354392405903e-16,9.360569237720554e-13,-6.194473499960329e-13,4.063354506927728e-16,8.838431519858993e-13,6.301652890770776e-13,2.685591410946288e-16,8.476462906206206e-13,-3.3904096199477995e-14,-3.006520498953482e-16,9.278700520147791e-13,1.1085250495480537e-12,-3.5548464927914863e-16,9.020872836907606e-13,1.6175393779651188e-13,1.2493843967738527e-16,8.339042400619009e-13,7.450949010721906e-14,-2.0778366275313228e-16,9.625192593652074e-13,1.2196892739929995e-12,3.7675838568092504e-16,1.4024862658604241e-12,1.5895402330520282e-12,-1.8579727980093396e-17,8.288070840452801e-13,2.1928548091172436e-13,2.3675709208999675e-16,8.331585011946438e-13,4.910511788663897e-13,-1.9588775960901835e-16,1.0036959509992586e-12,1.2663098406031737e-12,1.980625914216238e-16,1.3777907492344663e-12,1.4922324246797288e-12,-4.326624919863267e-16,1.0082709051321624e-12,1.4291955662868153e-12,-5.772257709546772e-17,1.352189872008749e-12,1.5198477766847651e-12,-1.566530457481402e-16,8.399606018057461e-13,5.036806659235732e-13,-3.160307445685855e-16,9.135409756080078e-13,9.871374765844198e-13,-8.57239572103563e-16,1.251417448372028e-12,2.2254902622870452e-12,1.6284619837455528e-17,1.264487575922784e-12,1.388108492850703e-12,-4.660064944098279e-16,8.601002162587614e-13,-4.1963362596332344e-13,4.0024122206244824e-16,9.846800553332507e-13,-1.0523358680913877e-12,-6.928173859102968e-16,1.8235452813710646e-12,-1.5938365556261792e-12,8.276919287859332e-16,8.8605777861201e-13,8.639014483804865e-13,2.570062595222415e-15,1.2719473207010432e-11,4.9236735127392795e-12,-8.56793302666898e-17,9.002802456884254e-13,-1.9564464866551576e-12,3.2111807473337747e-16,1.0611349459358413e-12,-2.5410360796190864e-12,8.793264904595835e-16,1.0893356119459566e-12,-1.22152078340006e-12,5.156068081782724e-16,1.4162354362160931e-12,2.2245352588309114e-12,6.447259915580949e-15,1.1000391844928875e-11,-6.165494615255076e-12,5.270182784179348e-16,9.731144837316606e-13,-6.117968910458568e-13,-4.528222526273495e-16,8.887352585292925e-13,7.858491364710134e-13,4.231935367017767e-16,9.130966351960957e-13,-4.472189536310155e-13,-2.1132116710318947e-16,8.435903044594742e-13,5.049799534949151e-13,6.480139404745776e-17,1.0587218279070404e-12,1.2006698138080335e-12,-2.4063591598900483e-17,8.292111587087319e-13,1.6135356787283426e-13,1.7161529423645391e-16,1.1719649044219234e-12,1.426057406361485e-12,-7.560027967908569e-17,8.308327638550551e-13,1.6675034641454655e-13,-1.529935536179812e-16,8.300954450654903e-13,4.630332990177908e-13,-1.0254883125961901e-16,1.0354784780004756e-12,1.181589746315187e-12,-6.183001343721901e-16,1.5645135938306439e-12,2.3708559871657435e-12,-1.7109655125040864e-16,1.3513797653197358e-12,1.5722887450874477e-12,-2.5059052309813194e-16,8.749677947614645e-13,6.625719997475016e-13,-3.4917901893855606e-16,1.0002804045756512e-12,1.0891283167413868e-12,-1.3477590811133127e-16,1.726531157053095e-12,2.409611839555108e-12,-2.2670020128404667e-17,1.3062219748763143e-12,1.3637465611672595e-12,-2.7884951490251304e-16,9.169228694518306e-13,-6.674289466217138e-13,-1.123272346814885e-15,1.1166127638226782e-12,-1.5715668748681361e-12,-4.584941113088531e-16,1.3802549064540413e-12,-1.3746594793420163e-12,-6.225353672787657e-16,8.285485500337962e-13,1.4987414204742376e-13,7.464600266978728e-15,5.478637309078776e-12,3.3088465726741624e-12,1.0000000000000204,0.19531250000867229,0.6250000000145682,1.000000000000065,0.7812499999831282,-1.249999999989156,3.8311815161630655e-15,2.0838482837434494e-12,-3.890434021329184e-12,2.6289029477835475e-16,8.431839804950061e-13,-3.2372438606389558e-12,2.1913588184999582e-16,8.832430390997294e-13,-2.4211473912129893e-12,4.1725643240216996e-16,1.140792220462671e-12,-2.704013499912216e-12,3.6883478628636776e-15,2.341369868118916e-12,-2.8420570714193953e-12,1.297008880226611e-15,1.1634909882667256e-12,-2.9497712300938652e-12,3.544019652938816e-15,2.4290320556900435e-12,-2.4351275115175487e-12,2.394462826537497e-15,1.6382796537633022e-12,-2.5281363252418886e-12,1.0027696400619455e-15,1.2107626010369077e-12,-2.5078191042265104e-12,5.270189377323887e-15,2.988530949622601e-12,-1.8116113554404117e-12,1.9178125382676538e-15,1.3874699052787667e-12,-2.0575925262581015e-12,2.875086908208136e-15,2.407003582481334e-12,-2.0869404272451324e-12,2.6377132587287805e-15,1.9041757694989703e-12,-2.0141018060802003e-12,1.9330035926963477e-15,1.5868253914928886e-12,-2.1358911772086324e-12,1.4244318095669529e-15,1.4072701159979612e-12,-2.2090642084938523e-12,2.1978212882384484e-15,2.203997454706753e-12,-2.0636818144843394e-12,1.000000000000018,2.1836601342862303,-2.0898134530573325,1.216155567256611e-15,2.423439165521534e-12,1.1646975131098375e-12,1.0322176077488847e-16,1.0652431364723464e-12,-3.669560563339693e-12,4.015636885721976e-16,1.036434284440731e-12,3.140006738216419e-12,5.000430732119685e-15,3.1345027115189105e-12,-1.7892229511332641e-12,0.9999999999994097,0.30200059248772965,-0.7771751314699527,1.0790775720454162e-15,1.1752922507325153e-12,-3.0527597472047655e-12,1.1973901270978715e-15,1.5503182600438766e-12,-3.091284846686279e-12,2.0017208160729833e-15,1.48293874551761e-12,5.631502640030338e-15,3.183767499600857e-15,1.8088769893153433e-12,-2.3817974111382292e-12,3.0353854785641693e-15,1.7345577558441582e-12,-4.162834252468106e-12,2.708874646291001e-15,1.8255886272862744e-12,-8.640963146872405e-13,2.6430220462724154e-15,1.6569680028186307e-12,-1.8408014768308282e-12,2.02821358367375e-15,1.437766530380962e-12,-2.1472755838417004e-12,2.270837316408334e-15,1.7684708205146972e-12,-1.1045952748907042e-12,2.383385520210454e-15,1.6428087471542013e-12,-1.6522881325352345e-12,1.4351716367341418e-15,1.309054034352844e-12,-2.1196778233753576e-12,2.05041906229941e-15,1.7351670105064443e-12,-1.1716123928408145e-12,2.4222550200408355e-15,1.5826452315425255e-12,-1.3332165117436112e-12,1.952156796718787e-15,1.4050024987687546e-12,-1.5915863296638551e-12,1.5467204441458012e-15,1.304635589745374e-12,-1.8078914249292358e-12,1.921783838341743e-15,1.6297264089595382e-12,-1.2202069216027332e-12,4.431439435212662e-15,2.0606908998026446e-12,-1.0186639819890391e-12,3.0861011220474183e-15,1.849314515518935e-12,2.3117386624635754e-12,-7.549299839250165e-18,8.565731254661957e-13,-1.5414647599473595e-12,1.3074845161588908e-15,1.3235538694786623e-12,1.0388044981003627e-12,2.46367258562021e-15,3.2425414813114184e-12,-3.7144387442685166e-12,1.794164014347233e-15,1.4463568125294052e-12,1.7825732241641721e-12,4.603871102639118e-17,8.404371497456795e-13,3.1713447205806096e-13,-4.472341984716745e-16,8.402482694280565e-13,-1.2641467829754365e-12,1.3839226303087706e-16,9.212879682208318e-13,5.442187687941311e-13,-8.343219375077331e-17,1.0768773705498114e-12,-1.2580729871979603e-12,1.2552525953122984e-16,8.76306404261482e-13,-1.735085376649589e-13,-1.3448328886176347e-19,8.646292684736084e-13,3.172034377767793e-13,7.402434692923638e-17,8.425850460881496e-13,-2.1146178787668028e-14,9.015920737213663e-17,8.528359713894877e-13,-7.838446648236459e-15,3.243744758080401e-17,8.70203841921346e-13,7.162098336518209e-13,1.1618581207837678e-16,8.692000526847954e-13,5.19115871840387e-13,1.1232909072444448e-15,9.652615786886722e-13,-6.000498924518373e-14,-5.323783627251014e-16,9.868488122653924e-13,1.6601848679022843e-12,3.845829097189313e-17,8.527219264016001e-13,-1.781215180686633e-13,1.480601498254275e-16,8.577534717422353e-13,-7.277451200712599e-14,-1.32484296474237e-16,8.651600238406775e-13,7.84536740466975e-13,-4.341279807083668e-17,8.819212398079702e-13,6.92303631438025e-13,2.041110361793649e-17,8.326248813779998e-13,8.298113869410027e-14,-4.4843570660595465e-18,8.339327957084241e-13,3.3740875335981707e-13,6.168934062656185e-16,3.6097726731384347e-12,-1.961942537024705e-12,8.976306318608503e-16,5.166713126173631e-12,3.2630576282670903e-12,1.0,8.437370868860825e-13,-1.602977009271546e-11,-9.970494367624166e-18,9.666610279848906e-13,-1.4491015421303237e-12,1.5265169757681211e-15,1.845673328429607e-12,-2.1359801749740024e-12,2.427663220068152e-15,3.0821877454282137e-12,-2.3624610079310794e-12,3.8564217402630045e-17,9.750138837633852e-13,9.342547274884651e-13,1.7235847863476052e-15,1.154530818277343e-12,1.7701808745476186e-12,8.360089214044974e-16,1.4408822505352199e-12,-1.7232729377530182e-12,4.4303267056548373e-16,1.0037832691970486e-12,-1.13596049361259e-12,-1.0699559774729009e-16,9.16157724941415e-13,7.37554771374642e-14,5.583047355754699e-16,1.0961631490779754e-12,-1.2610961816659365e-12,7.947920277886465e-17,8.483281430668734e-13,-3.759589168161801e-13,9.047016133638384e-16,1.373888506441177e-12,1.644024283388467e-12,3.7227538347237086e-16,1.0172085059805681e-12,-1.2785005972176835e-12,-4.8702120612601123e-17,8.352225057192324e-13,2.50925998249226e-13,5.709337729217229e-16,1.2888954442890185e-12,1.4323330364154864e-12,3.4367243855689787e-16,9.331159641764324e-13,-9.430929446503795e-13,2.8611060638403947e-16,8.765313648986619e-13,-5.268482648033261e-13,-2.1985977329482968e-16,8.531535324834773e-13,6.657298834612462e-13,2.2599584152516547e-16,1.237375195273105e-12,1.4160336832993419e-12,-7.498209196206439e-16,1.1041987328989774e-12,1.911963532649275e-12,2.378009695393824e-16,1.1453380654075351e-12,1.240815345249279e-12,2.08802733853816e-16,1.1498984833275832e-12,-1.7422141719016063e-12,2.252331179463398e-16,9.648469258446886e-13,1.1852097605940971e-12,7.776564398601542e-17,8.394659693888488e-13,3.599988823160996e-13,7.959460551604578e-16,8.981872091112053e-13,3.787699737097575e-13,-5.72673772985066e-16,8.704303830622543e-13,-5.608414429308518e-13,-8.187745096436876e-16,1.0175955496400568e-12,-1.205849722738962e-13,6.9734215069727425e-15,3.0933135047309633e-12,2.999210604273235e-12,5.944648406773935e-15,1.2574172479390911e-11,6.356059643418847e-12,1.9796745276422766e-15,1.1202954871509431e-12,1.3125244334123786e-12,6.741849486455075e-15,5.3742884827503225e-12,4.024130737886989e-12,2.310690770131269e-15,1.3661823031661637e-12,1.5718599724012125e-12,5.914816999996181e-15,3.0879165682576844e-12,2.996830446473936e-12,5.2957524167688e-15,5.443562128180702e-12,4.07126804673725e-12,3.6162217907521874e-15,2.140064350343956e-12,2.605073862100214e-12,4.175622065070318e-16,6.067316579866494e-12,4.829366228359395e-12,3.530254488283138e-15,2.063274913899281e-12,2.2374026045956976e-12,4.359216484114895e-15,2.613065305762484e-12,2.722940314704976e-12,4.593095341957349e-15,3.707867446004138e-12,3.3957810748642334e-12,2.965242892892514e-15,4.9885868764362405e-12,3.793566296223161e-12,3.647310107613879e-15,4.4960839203787635e-12,3.432489025695959e-12,2.889825202111412e-16,5.772388302802484e-12,-3.98309015045757e-12,0.9999999999999998,1.459539441757174e-12,5.6811904398413806e-11,1.2857633699823185e-15,1.4874023475021279e-12,1.0509008454176545e-12,1.0000000000000613,0.7812499999763624,-1.249999999981073,5.612755143957887e-16,9.756232542053607e-13,-1.0778587269213876e-12,8.822887385464218e-18,8.6535527750086e-13,1.7133820907637645e-13,7.645490495582651e-17,8.994127146086071e-13,1.1195927001294021e-13,-5.4308923942524953e-17,8.329663179751734e-13,-1.7047335636425882e-12,1.7581005029828632e-15,1.5089578769468587e-12,-1.5701578135431751e-12,1.8484282196875408e-17,8.354273563791288e-13,-4.949385868756785e-13,4.29536866541249e-15,2.212565007687691e-12,-1.143162323862347e-12,8.590812043833688e-16,1.210209679719184e-12,-1.3827635945040918e-12,-3.347036919796444e-17,9.067101408670865e-13,-1.0105876009518406e-12,1.779866333832645e-15,1.8004525952800102e-12,-1.6376827890044506e-12,5.504806024226684e-16,1.1082517814917137e-12,-1.1760223811060286e-12,1.1684339871266734e-15,1.6863321085227492e-12,-1.703858331706201e-12,4.958523403111849e-15,2.7922794227539094e-12,-1.4602811879190724e-12,4.06411806876524e-16,1.2963179221061475e-12,-1.431535303218225e-12,4.231997735195888e-16,1.0623710062161046e-12,-1.1598612940912956e-12,3.759289009760654e-17,9.19659806078895e-13,1.0173474818663486e-12,2.1143895864373958e-15,2.9340745066445654e-12,-1.258202541208992e-12,3.5951056834355697e-16,1.1120474146172528e-12,1.891431706200589e-12,2.2705996555248666e-15,1.9036326788115727e-12,-8.710787461231898e-14,1.4544263357798116e-16,8.328733261652288e-13,3.098241303604898e-13,4.0536143157241515e-17,8.80503568731141e-13,-4.829752259340928e-13,7.111929936915594e-18,8.374227184762801e-13,2.6261377336430414e-13,-1.6922158005928684e-17,8.295359900951116e-13,-2.5006923718503445e-13,7.555232545055725e-16,9.899682548749648e-13,-2.4023811966180135e-12,1.0207469633857693e-16,8.628136394135616e-13,-5.277365180480239e-13,-1.289523699592575e-17,8.288358875202567e-13,1.1291392689097521e-13,-9.566698437177813e-17,8.444587360109266e-13,-3.77445947269214e-13,-6.533444782927229e-18,8.965390052273197e-13,-7.406169916700729e-13,2.3045683568943313e-18,8.605374344582557e-13,-3.4806055669689993e-13,-1.459129416954036e-16,8.33557719432358e-13,5.810406112970954e-13,6.108284519036786e-18,9.293657016047726e-13,-7.949419508967135e-13,1.7211707408523574e-16,8.786887478483183e-13,-2.4258578791175724e-13,-6.1491467657963e-17,8.477486659090658e-13,-2.8852750670003205e-13,4.3861967358914966e-17,9.214066858821136e-13,-7.956657483990657e-13,2.2535348364808174e-15,1.2719488527978098e-12,-4.099939574499771e-13,-1.9541618074541042e-16,9.016765415277098e-13,-6.063172347473489e-13,-2.813951217438581e-17,8.487019685279449e-13,-3.089946334738142e-13,2.1917909214188423e-16,8.716875754136375e-13,-5.823795427781113e-13,1.5376216290344806e-16,8.371196779049349e-13,5.118155136774424e-13,1.6997610260063544e-15,2.9563146253013617e-12,2.866505553069355e-12,1.4317292120301148e-15,1.61496135004283e-12,2.4017706657926014e-13,1.0000000000001217,0.34938562147550717,0.8359253812120983,9.409848856454642e-16,1.1760152427058086e-12,8.192362491273927e-13,-5.1974074368507e-16,8.904498676121956e-13,1.9916141267636623e-12,1.0440194556426862e-15,1.1517317248193371e-12,3.537044610474377e-13,0.9999999999999506,1.0267659079319271,-1.433014939163913,3.753387850785458e-16,9.683366260888328e-13,1.2267671179736255e-12,-6.431748153210726e-18,8.760806712375038e-13,8.986414015943924e-13,5.410104477434319e-16,1.0131642384830126e-12,9.11113100988901e-13,5.274127497910511e-17,8.309576174284688e-13,8.612536225550852e-13,-1.189669067267943e-15,8.653788485236814e-13,2.2117757459275637e-12,1.6053032060928055e-16,9.042695340642225e-13,3.734892072591815e-13,-1.6044362340955405e-16,8.410696333256989e-13,9.005167361627866e-13,-2.756672332503653e-16,8.293779192940008e-13,1.1063729615124257e-12,6.423181687820807e-17,8.771241654562163e-13,8.007585932089477e-13,-8.9099177593085e-17,8.576086133830972e-13,9.455212999769718e-13,-1.3920071410062606e-16,8.342358502501981e-13,5.952129645098896e-13,-3.5943416049454135e-17,8.380546171582519e-13,6.098759655017589e-13,5.322135364925411e-16,9.995923965777797e-13,-2.9251863909013666e-13,9.553100737557316e-16,1.1798482701687996e-12,-1.0849397784647638e-12,0.9999999999997408,2.5331027005472184,-2.2508232718102015,0.9999999999998499,3.8706249781783364,2.7823101833210324,6.689906736307789e-16,1.3435762411672021e-12,-1.1338024349488115e-12,4.858239520689778e-17,8.292170548555242e-13,-2.1492792603965557e-14,-4.048134959325673e-17,8.291666004442714e-13,-2.0011774331292958e-13,1.976637099662368e-16,8.56624547455509e-13,4.561990569678087e-13,1.757272677672327e-16,8.539112470601252e-13,3.6435820308915764e-13,1.592230976203649e-15,1.4334020631041449e-12,-3.0684313785913614e-12,2.0252093696762478e-16,8.968546353353772e-13,5.356697482318584e-13,1.6107311284247716e-16,8.652082131511385e-13,6.225953601149979e-13,1.115893429244022e-16,8.527070616182423e-13,4.96058478622251e-13,4.904914089159692e-18,8.292354184715118e-13,2.944316527939642e-13,1.3632252215017877e-16,9.099653156749994e-13,8.191293874037769e-13,1.1193874292673204e-16,9.031238475638116e-13,6.736735857937926e-13,4.913614658510398e-17,8.840253073614605e-13,5.879522878940521e-13,-1.6655907658571968e-16,9.057083711557328e-13,1.0185018461202297e-12,-6.470149739927061e-17,9.329818959399011e-13,8.567121587563826e-13,-1.3430921661049344e-17,8.649798569543643e-13,5.118465387084353e-13,-1.0982705104657057e-16,9.034570115569296e-13,7.588476087882812e-13,-5.140585454694481e-16,1.2687873071178891e-12,2.1969259494805703e-12,7.168126394468525e-18,9.130650558905135e-13,7.301900509700531e-13,-1.9266421918250748e-17,8.317354871604534e-13,1.288438010248188e-13,1.0382189172813565e-15,2.0079712619594996e-12,-1.5425710906127303e-12,1.185388624150161e-15,1.2610276652801924e-12,1.6766440706637417e-12,1.7319969076638588e-16,9.183519820212922e-13,-6.75569068109538e-13,2.0710019642973164e-16,9.026167493515191e-13,-6.899660471543337e-13,5.792636406026641e-17,8.339710128090814e-13,-4.044541229687092e-14,-1.6218526955615273e-16,9.567700200208105e-13,1.2710963576528707e-12,-1.2738645764043482e-15,8.884763006263021e-13,4.525011742291721e-13,-1.1597403161466451e-16,8.422237427584336e-13,4.034140871928206e-13,-1.5969913361262857e-16,1.2437215609886578e-12,1.6091319490535294e-12,-8.118011770885453e-17,9.230449784171909e-13,7.067870824224096e-13,-2.61484312096199e-16,1.153494620283364e-12,1.349276946743669e-12,-1.4580585505248739e-15,1.8435021426817223e-12,2.812841449954004e-12,-4.637002450608588e-16,1.032829716849898e-12,1.1914604443246439e-12,-6.701895254425893e-16,1.4953877199824305e-12,1.730726355761932e-12,-4.1653052297669034e-16,1.0098551054156493e-12,1.0710486800940678e-12,-6.133352001223061e-16,1.1743883373356633e-12,1.3419127315892673e-12,-1.253246228650015e-16,2.449333168342034e-12,2.834618884123597e-12,-4.58355508877239e-16,1.4146505807193485e-12,1.4639528226853451e-12,-4.019224041269757e-16,8.450406471535468e-13,-4.5255570263376805e-13,1.135350133924938e-15,9.104679294054144e-13,9.243384818941934e-13,6.0027835713926285e-15,5.278179581396056e-12,3.2203771839187947e-12,1.4631564578963078e-16,8.835301479952925e-13,-5.229281064881886e-13,1.5096201721695438e-15,1.6588849816220085e-12,-1.984423074030211e-12,8.488144920532864e-16,1.4658412581114594e-12,-1.6180575213347811e-12,2.521647192981714e-16,1.002844514894675e-12,-1.1908696082457888e-12,1.664868936241344e-16,9.759984367095003e-13,-1.1632105733301045e-12,-1.5456434106951342e-17,1.0462574635499674e-12,-1.2888909286336725e-12,1.000000000000293,1.3975424858623988,-1.6718507624039574,4.901058888681932e-17,1.1287213721741235e-12,-1.4015429566912183e-12,7.901520900358727e-16,1.5952825842987338e-12,-1.6075604640623365e-12,6.240373742112345e-16,1.3383856593867624e-12,-1.3333754829305268e-12,-5.5099105353668104e-17,1.1919763284089454e-12,-1.3490410759353663e-12,1.7421027193145128e-16,1.448989932987898e-12,-1.6521316405603414e-12,-1.6450086158154177e-16,1.3710952886524916e-12,-1.527411103647669e-12,2.6547163076073886e-15,3.84220285157689e-12,-1.5544955962048984e-12,1.805551471945814e-15,2.3280257964023804e-12,2.633644555710958e-12,5.757334003556188e-17,8.394986786312247e-13,-5.688411160874227e-13,6.577586991041503e-17,9.138043514679278e-13,6.894942181342616e-13,1.2274116144212373e-16,8.641201683845058e-13,-3.468965070623268e-13,-3.697265135804433e-18,8.290130224373027e-13,-1.6480631263249054e-13,1.8001201734543256e-17,8.461758387227511e-13,-5.962643227557481e-13,-6.838216192879504e-17,9.262718876957954e-13,-1.0257169165258279e-12,9.280540812309091e-18,8.29868986841227e-13,-1.4910348381188877e-14,4.309523122123312e-17,8.796400752496922e-13,-5.863489291060008e-13,-1.7660711854862232e-16,9.139094376626193e-13,-9.900977722779299e-13,-3.7730347391115216e-17,8.434719730382768e-13,-3.52347923488687e-13,2.1277958983307462e-16,8.876980666302269e-13,-3.499339194815549e-13,1.3542104581104005e-17,8.823834916720245e-13,-5.256967087826821e-13,-3.718842694580577e-18,8.537682213423093e-13,-4.772960750098815e-13,2.907122626762857e-15,1.4727376063526906e-12,-5.615518824710068e-13,-1.1130234966237e-17,8.893950670980882e-13,-6.454415928585628e-13,3.5850522231477236e-16,9.39686344323047e-13,-7.389250690387458e-13,4.552042050175678e-16,9.505763301838e-13,-6.83400950268674e-13,1.211140454360478e-16,8.420536563265949e-13,3.440997752347686e-13,3.053513260665225e-17,8.381143886598984e-13,-7.607054265981015e-13,6.295120138510782e-17,9.124478048843845e-13,5.357369359568009e-13,1.0,8.287522090206377e-13,8.190756346939492e-13,-1.5737013740623728e-17,8.288632060288602e-13,1.8654113689495652e-13,-4.612044739335128e-17,8.36381084356056e-13,-2.0611217564287803e-13,-1.8117772338321008e-16,9.146435492758382e-13,-8.07131126030238e-13,9.53682294290908e-16,9.143200927796652e-13,-1.9529087778728157e-13,-3.667915318886538e-16,8.588915034024222e-13,1.0956273613684724e-12,-4.461446875559811e-17,8.399401329654763e-13,2.5650512327708113e-13,9.229361465797446e-17,8.386654159737484e-13,-9.452080999232006e-14,4.003995541752244e-18,8.300094913295658e-13,1.2290776344281674e-13,-4.6912033861460294e-17,8.486891642831657e-13,-2.9520716891022216e-13,-2.0112363010163563e-17,8.289981212686033e-13,1.1047516827343605e-13,-8.616318996315153e-17,8.512169455383012e-13,-3.478414609540988e-13,2.074951687058192e-15,2.982170020325427e-12,-1.7032346364218566e-12,2.28889302156195e-15,4.386597126057394e-12,3.1992104393153956e-12,1.6264288099613266e-15,1.0170739776878144e-12,-3.226022907368213e-12,-5.002032718386663e-17,9.03057003410054e-13,2.640624336193829e-13,-5.72337128568457e-17,8.353645509299127e-13,-1.1304215617917638e-13,-7.090987504370064e-17,8.328189384680478e-13,4.0089317399400755e-14,2.6704917526240485e-17,8.711459950812151e-13,8.908314509860709e-13,-1.1182698353805236e-16,8.365155088319894e-13,9.818524561753948e-14,-1.2859750429053551e-17,9.08463408085089e-13,3.326600120248225e-13,-1.3835188244258367e-16,9.119505851005565e-13,7.212803078640039e-13,6.875435982552592e-17,8.49423819045425e-13,5.247000462206978e-13,-2.7287475727083676e-16,8.668062377283354e-13,5.246394446795312e-13,-4.2306944377759854e-16,9.06509151142415e-13,9.997760245843283e-13,-9.715820178035344e-17,8.82392643484875e-13,8.005820087798829e-13,-2.5690937013979185e-16,8.782398396710309e-13,4.940773000972163e-13,-6.075729922587959e-16,1.454245422885924e-12,2.4023465174470633e-12,-5.81965790201505e-17,8.75630795628616e-13,6.679938843226189e-13,1.2043337043555345e-16,8.675008906527263e-13,2.388374814347103e-13,2.7051661421604544e-16,8.878791545662807e-13,5.793193187668225e-13,8.879157833602971e-16,1.1413097169788637e-12,1.463136177703837e-12,-3.6899717869639285e-16,8.647570822822511e-13,-9.648683034167278e-13,-5.5134407157049905e-17,8.340750669102497e-13,-1.3628714275524631e-12,-2.46113126902759e-16,8.447269242165653e-13,-1.2441528999391658e-12,-1.2056174010720753e-15,1.1453985157855247e-12,-1.714539876999237e-13,2.0895391649112306e-16,2.2533423377481436e-12,2.1282807984553516e-12,-7.85675360706463e-16,9.495358749346643e-13,-4.0663012488854006e-13,0.9999999999998292,1.3975424858208152,1.6718507623728895,-9.730843152420821e-16,1.0684545625615122e-12,7.875727804639197e-14,-1.2066497927446929e-15,1.2982880870180962e-12,8.095943738403849e-13,-1.1193158628865105e-15,1.607964524479355e-12,1.2828604813841258e-12,-1.2399744931802222e-15,1.2688967108501405e-12,6.412525837109666e-13,-7.031769401542874e-16,1.4968556003418272e-12,1.1459941439304565e-12,1.4235260005450644e-15,2.2494028489773177e-12,-2.4591770544991322e-12,1.0000000000000215,4.470203802950131,2.990051438670143,6.93755040720443e-17,9.69845886928206e-13,7.595114629128531e-13,-2.563106273973626e-16,8.905024318626482e-13,-7.609320700018259e-13,2.5476813801869014e-15,1.1808322228041085e-12,8.380143424349283e-15,2.463298693276281e-17,8.299888884914435e-13,-4.1832926759840354e-14,-1.1986575627423483e-16,8.296786615079335e-13,-5.84679581927268e-13,-1.0614151033937408e-16,8.310164176741188e-13,-4.3625490602547377e-13,-1.1830328103251092e-16,9.994251849494091e-13,-8.125992854109748e-13,-2.2040433873537247e-16,8.436117413567219e-13,-3.620069392001153e-13,-6.130260661509304e-16,9.842145766750746e-13,-9.584210355699845e-13,5.177624064036721e-15,3.072325996105908e-12,-1.4343074104196081e-12,-1.9012499553358368e-16,8.541756426074674e-13,-4.2341053855100205e-13,3.66074901794199e-16,8.944921413877653e-13,-5.166540491163032e-13,2.7473395079810622e-15,4.105739014030378e-12,-1.9173282712876826e-12,4.581374462871099e-16,9.058936578316288e-13,-1.1304426760181102e-13,1.5184663713216381e-15,2.2820043199314834e-12,2.4057201239290536e-12,1.7374963003007723e-16,8.933998310461599e-13,4.060529413077527e-13,1.4559677304616457e-16,8.94878761121689e-13,3.903706149945781e-13,2.9506454731845123e-15,1.2625914262166278e-12,-1.0775015525288347e-13,-1.343787540536625e-16,8.549031440328284e-13,-5.486989043698975e-13,-3.457175946244727e-16,8.623536817985821e-13,-8.562699577673562e-13,-3.752791085883955e-16,8.866972964501436e-13,-9.17931843440396e-13,-7.219331093110495e-18,8.314687486988837e-13,3.288394789866314e-14,3.0778306538229345e-17,8.691337987493834e-13,-3.094826350665502e-13,-3.980314528200631e-16,9.09401005243006e-13,-7.645071389177809e-13,-7.739206610360843e-18,8.315292213497852e-13,-2.7010006795379036e-13,3.841987283249031e-15,1.8495768303302457e-12,-7.577029902259393e-13,-5.885877817500833e-16,9.514157398483354e-13,-8.9195679493564e-13,5.643716236797707e-16,1.0272513678242866e-12,-8.777532291895891e-13,1.7821510411350514e-16,8.643427255985211e-13,-3.336808953628387e-13,4.806303967916578e-17,8.347502041326382e-13,4.3899107214708844e-13,2.149458892349718e-15,2.922046966856423e-12,2.7529188424074013e-12,4.998951909901012e-18,8.557936197398693e-13,-6.211859288474814e-13,1.707257289068428e-16,9.866590091772048e-13,6.198108694114348e-13,-1.1457358712264346e-16,8.297865248253675e-13,1.8234731253349427e-13,-2.031284423877375e-18,8.29700676624185e-13,-5.835207251113093e-14,-2.792890791973301e-17,8.571708410224758e-13,-2.253211387316888e-13,-3.6871313930771476e-16,9.858089111428971e-13,-1.1161558746322796e-12,-6.116928735644528e-17,8.302360476735871e-13,1.821731128609996e-13,4.730458702194074e-17,8.638516300128079e-13,-3.3109716501318306e-13,-1.455378177940201e-16,8.527150203304807e-13,3.477019277941321e-13,-1.534381733627558e-16,8.436305762476043e-13,3.1626078579586204e-13,-1.7753551523778552e-16,8.994589903791903e-13,-6.799611951494054e-13,-2.417974415515803e-17,8.852421800985547e-13,-5.835903844375236e-13,4.8833570935973586e-17,8.382321510213688e-13,-2.4210581034796904e-13,-2.5060328859230094e-18,8.368061396193243e-13,3.4642908930193935e-13,2.069802171072743e-15,2.7702934110882837e-12,-1.5789377661155433e-12,2.5725835156560347e-15,3.995865371252245e-12,3.085144448307392e-12,-2.4286180377066213e-16,9.87991042014221e-13,-9.61951756277456e-13,1.0825247066486464e-16,9.393531610989697e-13,4.3962543176940965e-13,7.696573242814208e-17,8.887573010368773e-13,2.1661077934136913e-13,-1.1845001264925855e-16,9.294350923957762e-13,5.787705448173853e-13,-1.7780026063268503e-15,1.2656430796553856e-12,2.638607559800346e-12,-1.9118964778506023e-16,8.695534415570164e-13,-7.092244483242668e-13,-3.066522781867756e-16,9.65053709747748e-13,6.85942840551077e-13,-5.004538095921239e-16,9.136247480582868e-13,8.817723556718523e-13,-1.4076297538428527e-17,8.288769335558074e-13,2.4883294900909756e-14,-5.968955645649358e-16,9.613755322197527e-13,7.621933447845501e-13,-2.2968747753577987e-16,1.8565101895682975e-12,2.590060499550224e-12,-3.8758117579513414e-17,8.334356731759726e-13,1.0838103662269128e-13,3.691145335804965e-17,8.391838886986726e-13,2.4971157370217195e-13,3.88452822988018e-16,9.577878989841637e-13,9.053978861177932e-13,1.4641976390993542e-15,2.141699538347475e-12,-1.4335118272373017e-12,7.459052364885453e-16,1.1041795970368573e-12,1.6016382513684754e-12,7.898194176233073e-17,8.420034606124333e-13,-1.6436535809491555e-14,8.883916466043911e-17,8.3221157656213e-13,-3.173950940561541e-13,2.5660046799474233e-18,8.303788788962557e-13,-7.532570115918967e-14,-1.7825819972854258e-15,1.1666831189276556e-12,2.5229990675092054e-12,-2.4003705093803296e-16,9.14916609026912e-13,5.425457534699022e-13,-1.4092566466719876e-16,8.499282360429478e-13,2.5576578806747687e-13,-6.362633446868417e-16,9.582233263571435e-13,8.755637641812355e-13,-2.141263506927272e-16,8.570705970505919e-13,3.6879847125677693e-13,1.4375054872153255e-15,2.995183200918073e-12,2.875231846393013e-12,-4.986705001468053e-16,9.469328551154957e-13,6.222935001860671e-13,2.2187892401350145e-16,8.694372990099087e-13,4.3150629220493383e-13,8.62487518524557e-16,1.6752047317415691e-12,-1.3471423643929633e-12,1.246826187577129e-15,1.2702946581296448e-12,1.6283832088548695e-12,2.6332086109292138e-15,5.494549912690692e-12,3.3255672346683883e-12,4.444041252034063e-16,8.395035885768901e-13,4.0326108706921627e-13,-2.260620395575514e-16,9.136589146775365e-13,-7.324422840207835e-13,-1.2510408319519746e-16,9.316778572478429e-13,-6.374335431858579e-13,-2.9941787850223055e-17,8.295919655250398e-13,-4.9923981544072816e-14,-1.0748170046633373e-16,8.305446971198427e-13,-2.0914103494069796e-13,-2.88762697629642e-16,8.440897081299094e-13,-4.0244242651308054e-13,-7.209088560036513e-16,9.642926908538208e-13,-8.879815277030664e-13,-8.285146085037675e-16,9.280762564222568e-13,-7.645318952849519e-13,2.374418900285405e-15,3.7291720673397905e-12,-1.9165680172157246e-12,1.4987957780472573e-15,9.423983136319397e-13,-1.861324090115548e-13,3.4819905740061426e-16,9.885727250583316e-13,6.711402106418776e-13,2.0841404219086418e-15,9.612921059343995e-13,-1.69103313341646e-13,2.378739801286651e-15,1.0139567466699185e-12,-6.632484633776868e-14,1.6078909106050011e-15,8.937901949254432e-13,-2.625965975897736e-13,3.03352592700843e-16,8.339789619852249e-13,-5.126192629289096e-13,7.997468134506214e-16,9.275314058266733e-13,2.2100661367985462e-13,1.0000000000000342,1.3975424858771213,-1.6718507624085075,9.792234184746733e-16,8.64490003758421e-13,-2.051291232464443e-13,1.9952667312977393e-15,1.3210514086603654e-12,-7.01126020369991e-13,8.81175990753224e-16,9.081219413583394e-13,3.0002108300011494e-13,-1.2018668123396058e-15,9.370445489931281e-13,-1.9509377842329113e-12,-3.244547081139809e-16,9.060659831781756e-13,6.486565050477564e-13,-1.1295390044463115e-16,8.310462007947936e-13,1.7311726361556265e-13,4.8666104466552685e-17,8.30206186369201e-13,3.649894606831355e-13,-1.3165307396166303e-16,8.488056569205394e-13,-2.57239617181394e-13,-4.079065903151338e-16,8.990493287350393e-13,-6.197125729245741e-13,-3.3968423877686047e-16,8.551980165271036e-13,4.2613735470509524e-13,-4.0535128807181917e-16,9.097180008870175e-13,-7.22703468568908e-13,2.0498564734763167e-15,2.685899569893132e-12,-1.5601339981784409e-12,2.492336400721563e-15,3.732929150114738e-12,2.949695684477575e-12,-5.286167208034807e-16,8.518647526054209e-13,1.2217501462565267e-12,-4.602161680698788e-16,8.291012232968257e-13,-9.127900376213346e-13,-9.249848229106258e-16,8.794367809527151e-13,-1.7065272335925361e-12,-1.1087089557038292e-15,9.692359127684527e-13,-2.133844079474282e-12,-9.81201847944705e-16,9.829620127735094e-13,-2.121029120960267e-12,-3.01586249609025e-16,9.351571720872919e-13,-9.43130324753078e-13,-5.703864829250802e-16,8.610404464725171e-13,-1.335402390054572e-12,1.0000000000000377,1.3975424858639445,1.6718507623988974,-3.9464915468468147e-16,9.155072558172955e-13,-1.289493178597031e-12,-2.302691496178995e-16,1.2398227952419891e-12,1.898185440825636e-12,7.815336623629545e-17,1.2378813504372525e-12,2.209137010338476e-12,-3.6668348535681506e-17,8.605822066213825e-13,3.196401320398623e-13,7.34091062948934e-18,8.350522335779708e-13,3.4559331174709006e-14,-5.934459469878218e-18,8.322132133185875e-13,1.394109117155387e-13,-3.3873039764960743e-16,8.82111992471245e-13,6.124339789993669e-13,-4.1378957611580997e-16,8.994635065750119e-13,6.944940733888367e-13,-5.0118897032139e-16,9.200191482464586e-13,6.716747716775317e-13,-4.2205631611998337e-16,9.097743363567762e-13,5.213308331489528e-13,2.3229453527610464e-15,4.974622740465574e-12,3.0975021026948515e-12,-2.8186405354547156e-16,8.621808079836896e-13,6.481340993499671e-13,-1.1204918651464373e-17,8.287609834015011e-13,-1.418117687358016e-13,-5.179492512844718e-16,8.822256229130197e-13,-5.109498189294932e-13,7.274627003292846e-15,7.1869373470522516e-12,-2.6611156285252642e-12,-3.4757304098668887e-16,8.540787190597667e-13,-2.3048135260290784e-13,-8.249006811945344e-17,8.375655429342867e-13,4.774719931136696e-13,6.65014378894285e-17,8.355828534512044e-13,-1.4817247270364477e-13,2.1522643487606912e-15,3.4862765918244433e-12,-1.8636486542870453e-12,1.6243717862389614e-16,8.836557535915953e-13,-1.2502339524646605e-13,1.7931000009939236e-15,2.3014495565966743e-12,2.3461301073148065e-12,-2.7038291556916036e-17,8.568786559445508e-13,3.353751045478363e-13,-5.070193718130977e-17,8.382906008624802e-13,2.2237571327214436e-13,2.2107373871255172e-16,8.423103624222202e-13,5.529020248095955e-14,7.643903588500745e-15,7.129499505057897e-12,-2.4039907500607826e-12,-7.918432638656481e-16,8.800047125672886e-13,-5.932448270945811e-13,1.876109951875767e-18,8.304197685188461e-13,1.882224515292528e-13,6.759407535273406e-16,1.1769016495947525e-12,-1.0408607515877083e-12,-3.2102636946140167e-17,8.295663954377626e-13,2.2242311910740254e-13,3.355522797362863e-17,8.367524275374537e-13,3.5942512032248536e-13,1.9873934392539063e-15,2.7116693034261852e-12,2.638140139789932e-12,-2.4052800536387156e-16,8.393479994979697e-13,-2.9593695897829734e-13,-9.087248691920056e-17,8.341639537942089e-13,1.856695642841539e-13,-5.402240498373395e-16,9.250353393446497e-13,5.157442181055449e-13,9.917897773824668e-17,8.313393490640769e-13,1.2287759912222122e-12,-1.156156541218378e-15,9.692972102829745e-13,-1.1009228796118788e-12,-1.0477449825655429e-16,8.398453545518504e-13,-2.6588102451540773e-13,4.241936721001575e-16,9.457845136409963e-13,-5.932294945719712e-13,-8.633742116973181e-17,9.205751282602964e-13,9.512899851062616e-13,2.2986729942269567e-15,2.5785363721712378e-12,-1.3710903445304273e-12,2.067599393652444e-15,3.455374506818884e-12,2.9893355696565883e-12,-1.391970488082144e-16,8.61591828842361e-13,-3.244386698787613e-13,-8.571428445322328e-18,8.287536798880138e-13,9.99528662407719e-14,-4.249466292835052e-16,9.026647575841728e-13,6.618660688961703e-13,1.9494831028185165e-15,7.080179549374286e-12,4.2271418959562605e-12,-2.0663631933951466e-16,8.467271422655656e-13,-7.314919347808698e-13,3.942685420095969e-18,8.377228378355517e-13,-3.03708361557689e-13,6.669506042727187e-17,8.438229339894367e-13,-2.2996489429621684e-13,1.4005656704743245e-16,1.1008481311953106e-12,1.1655759712439738e-12,1.798472599650669e-15,2.0725174411855447e-12,-1.3225604915195344e-12,2.800507786270359e-16,1.0489018232777196e-12,1.542133489395753e-12,-2.759942701383157e-17,8.349332613158321e-13,1.345402147004422e-14,-2.68179437810085e-16,8.619118623086609e-13,6.25289704845074e-13,4.328817707256115e-15,7.09266689435249e-12,3.957649331220303e-12,-2.2561620766391736e-16,8.561245509386194e-13,3.3938926923694186e-13,-7.141386989608548e-17,8.305652588958552e-13,-2.8973166866736915e-13,-3.4643086170338433e-18,8.299533904658369e-13,8.689165987078224e-14,1.2997337799888499e-15,1.7182818839893133e-12,-1.3071992002276563e-12,6.487906701762223e-16,1.1846718323035208e-12,1.5462589355173055e-12,1.9642843420768235e-15,4.559806484168428e-12,3.0074756636161893e-12,-8.758535912695875e-16,1.0414896799989589e-12,-7.432046023409172e-13,2.2229923408487025e-15,3.1723088937757838e-12,-1.826697346052449e-12,1.7367526602973895e-15,2.2808212983983008e-12,2.301837601478865e-12,7.40519409413716e-15,1.628084226666815e-11,-4.8040240144802904e-12,3.7455107925863567e-16,1.149904033442732e-12,-1.1184220546503177e-12,-1.1971099506410757e-16,8.678994665449117e-13,5.813320898750927e-13,-3.596697233808625e-17,8.290041776490252e-13,5.079722569400504e-13,6.9294729485494114e-15,1.6380464599645588e-11,5.198459365477106e-12,3.877110152517545e-15,2.972067760609055e-12,-1.0765208857056466e-12,1.0166730013849353e-15,3.748868709885291e-12,3.511873380667198e-12,-1.4493978948800105e-15,1.0057004461544193e-12,1.1143917420458e-12,-8.227375439145857e-18,9.09580160511841e-13,-6.873323321259853e-13,2.5334311521283563e-16,1.0785339850984212e-12,9.818486533267212e-13,3.6688431197594345e-16,9.66796930591798e-13,1.2393017057333063e-12,1.321500552963069e-15,1.7512320243014817e-12,-1.3466767063664986e-12,2.402397491177428e-15,4.080588201416148e-12,2.8084779716997006e-12,1.4260752491881495e-15,1.0084938196327654e-12,-5.006853832948078e-13,4.4390388791028524e-16,9.163301388112282e-13,1.0529459728004714e-12]
